183
183
195
195
195
195
207
207
207
218
218
218
218
218
229
229
229
240
240
240
240
240
240
240
240
240
240
240
240
240
240
240
240
240
240
240
240
240
240
240
240
240
240
240
240
240
240
240
252
252
252
252
252
252
252
252
252
252
252
252
252
252
252
252
252
252
252
252
8
8
8
8
20
20
20
20
32
32
32
32
44
44
44
44
56
56
56
56
67
67
67
67
79
79
79
79
91
91
91
91
103
103
103
103
115
115
115
115
126
126
126
126
138
138
138
138
150
150
150
150
162
162
162
162
173
173
173
173
185
185
185
185
196
196
196
196
208
208
208
208
220
220
220
220
220
232
232
232
232
244
244
244
244
255
255
255
255
10
10
10
10
22
22
22
22
34
34
34
34
46
46
46
46
58
58
58
58
70
70
70
70
82
82
82
82
94
94
94
94
106
106
106
106
106
106
106
106
106
106
106
106
106
106
106
106
106
106
106
106
106
106
106
106
106
106
106
106
106
106
106
117
117
117
117
117
117
117
117
117
117
117
129
129
129
129
141
141
141
141
153
153
153
153
165
165
165
165
176
176
176
176
187
187
0
0
0
0
0
0
0
187
187
187
187
187
187
187
187
187
187
187
187
187
187
187
187
187
187
187
187
187
187
187
187
187
187
187
187
187
187
187
187
187
187
187
187
187
187
187
187
187
187
187
187
187
187
187
187
187
187
187
187
187
187
187
187
187
187
187
187
187
187
187
187
187
187
187
187
187
187
187
187
187
187
187
187
187
187
187
187
187
187
187
187
187
187
187
187
187
187
187
187
187
187
187
187
187
187
187
187
187
187
187
187
187
187
187
187
187
187
187
187
187
187
187
187
187
187
187
187
187
187
187
187
187
187
187
187
187
187
187
187
187
187
187
187
187
187
187
187
187
187
187
187
187
187
187
187
187
187
187
187
187
187
187
187
187
187
187
187
187
187
187
187
187
187
187
187
187
187
187
187
187
187
187
187
187
187
187
187
187
187
187
187
187
187
187
187
187
187
187
187
187
187
187
187
187
187
187
187
187
187
187
187
187
187
187
187
187
187
187
187
187
187
187
187
187
187
187
187
187
187
187
187
187
187
187
187
187
187
187
187
187
187
187
187
187
187
187
200
200
200
200
200
200
200
200
200
200
200
200
200
200
200
200
200
200
200
200
200
200
200
200
200
200
200
200
212
212
212
212
212
212
212
212
212
212
212
212
212
212
212
212
212
212
212
212
212
212
224
224
224
235
235
235
247
247
247
247
3
3
3
15
15
15
15
15
15
15
25
25
25
25
36
36
36
47
47
47
47
58
58
58
68
68
68
68
78
78
78
89
89
89
89
100
100
100
100
111
111
111
111
122
122
122
122
133
133
133
133
144
144
144
144
154
154
154
154
164
164
164
164
164
175
175
175
175
186
186
186
186
198
198
198
198
210
210
210
210
222
222
222
234
234
234
234
246
246
246
2
2
2
2
13
13
13
25
25
25
25
37
37
37
48
48
48
48
48
48
48
48
48
48
48
48
48
48
48
48
48
48
48
48
48
48
48
48
48
48
48
48
48
60
60
60
72
72
72
84
84
84
84
94
94
94
105
105
105
105
116
116
116
116
127
127
127
127
135
135
135
135
146
146
146
146
156
156
156
156
167
167
167
167
179
179
179
179
190
190
190
190
201
201
201
201
211
211
211
211
223
223
223
223
235
235
235
235
247
247
247
247
3
3
3
3
14
14
14
14
14
26
26
26
26
37
37
37
37
48
48
48
48
60
60
60
60
72
72
72
72
84
84
84
84
96
96
96
96
108
108
108
108
120
120
120
120
131
131
131
131
142
142
142
153
0
0
0
0
0
0
0
153
153
153
153
153
153
153
153
153
153
153
153
153
153
153
153
153
153
153
153
153
153
153
153
153
153
153
153
153
153
153
153
153
153
153
153
153
153
153
153
153
153
153
153
153
153
153
153
153
153
153
153
153
153
153
153
153
153
153
153
153
153
153
153
153
153
153
153
153
153
153
153
153
153
153
153
153
153
153
153
153
153
153
153
153
153
153
153
153
153
153
153
153
153
153
153
153
153
153
153
153
153
153
153
153
153
153
153
153
153
153
168
168
168
168
168
168
168
168
168
168
168
168
168
168
168
168
168
168
168
168
168
168
168
168
168
168
168
168
168
168
168
168
183
183
183
183
183
183
183
183
183
183
183
183
183
183
183
183
183
183
183
183
183
183
183
183
183
183
183
183
183
183
183
183
197
197
197
197
197
197
197
197
197
197
197
197
197
197
197
197
197
197
197
197
197
197
197
197
197
197
197
197
197
197
197
197
208
208
208
208
208
208
208
208
208
208
208
208
208
208
208
208
208
208
208
208
208
208
208
208
208
208
208
208
208
208
208
215
215
215
215
215
215
215
215
215
215
215
215
215
215
215
215
215
215
215
215
215
215
215
215
215
215
215
215
215
215
215
215
227
227
227
227
227
227
227
227
227
227
227
227
227
227
227
227
227
227
227
227
227
227
227
227
227
227
227
239
239
239
239
239
239
239
239
239
239
239
239
239
239
239
239
239
239
239
239
239
239
239
239
239
239
239
239
239
239
239
239
251
251
251
251
251
251
251
251
251
251
251
251
251
251
251
251
251
251
251
251
251
251
251
251
251
251
251
251
251
251
251
251
6
6
6
6
6
6
6
6
6
6
6
6
6
6
6
6
6
6
6
6
6
6
6
6
6
6
6
6
6
6
6
6
18
18
18
18
18
18
18
18
18
18
18
18
18
18
18
18
18
18
18
18
18
18
18
18
18
18
18
18
18
18
18
18
29
29
29
29
29
29
29
29
29
29
29
29
29
29
29
29
29
29
29
29
29
29
29
29
29
41
41
41
41
41
41
41
41
41
41
41
41
41
41
41
41
41
41
41
41
41
41
41
41
41
41
41
41
41
51
51
51
51
51
51
51
51
51
51
51
51
51
51
51
51
51
51
51
51
51
51
51
51
51
51
51
51
51
51
51
51
62
62
62
62
62
62
62
62
62
62
62
62
62
62
62
62
62
62
62
62
62
62
62
62
62
62
62
62
62
62
62
62
73
73
73
73
73
73
73
73
73
73
73
73
73
73
73
73
73
73
73
73
73
73
73
84
84
84
96
96
96
107
107
107
118
118
118
130
130
130
130
130
130
130
130
130
130
130
130
130
130
130
130
130
130
130
130
130
130
141
141
141
153
153
153
153
164
164
164
175
175
175
186
186
186
198
198
198
209
209
209
221
221
221
234
234
234
246
246
246
246
246
246
246
246
246
246
246
246
246
246
246
246
246
246
246
246
246
246
246
2
2
2
2
2
2
2
2
14
14
14
14
14
14
14
14
14
14
14
14
14
14
14
14
14
14
14
14
14
14
14
14
14
14
14
14
14
14
14
14
14
14
14
14
14
14
14
14
14
14
14
14
14
14
14
14
14
14
14
14
14
14
14
14
14
14
14
14
14
14
14
28
28
28
42
42
42
42
42
42
42
42
42
42
42
42
42
42
42
42
42
42
42
42
42
42
42
42
42
42
42
53
53
53
64
64
64
74
74
74
74
85
85
85
96
96
96
107
107
107
118
118
118
129
129
129
140
140
140
151
151
151
162
162
162
162
162
162
162
162
162
162
162
162
162
162
162
162
162
162
162
162
162
162
162
162
162
162
162
162
162
162
162
162
173
173
173
173
173
173
184
184
184
195
195
195
195
195
195
195
195
195
195
195
195
195
195
195
195
195
195
195
195
195
195
195
195
195
195
195
195
206
206
206
206
206
206
206
206
217
217
217
228
228
228
228
228
228
228
228
228
228
228
228
228
228
228
228
228
228
228
228
228
228
228
228
239
239
239
4
4
4
4
14
14
14
14
14
14
14
14
14
14
14
14
14
14
14
14
14
14
14
14
14
14
14
14
14
14
14
14
23
23
23
34
34
34
34
34
34
34
34
34
34
34
34
34
34
34
34
34
34
34
34
34
34
34
34
34
34
34
34
34
34
34
34
45
45
45
56
56
56
66
66
66
77
77
77
77
87
87
87
98
98
98
109
109
109
109
109
109
109
109
109
109
109
109
109
109
109
109
109
109
109
109
109
109
109
109
109
119
119
119
129
129
129
140
140
140
150
150
150
161
161
161
171
171
171
181
181
181
181
191
191
191
201
201
201
210
210
210
220
220
220
230
230
230
240
240
240
240
251
251
251
5
5
5
16
16
16
27
27
27
27
27
27
27
27
27
27
27
27
27
27
27
27
27
27
27
27
27
27
38
38
38
38
38
38
38
38
38
38
38
38
38
38
38
38

--------------------------------------------------
FREQUENCY COUNTS:
--------------------------------------------------
Value 0: 14 occurrences (0.73%)
Value 2: 12 occurrences (0.63%)
Value 3: 7 occurrences (0.37%)
Value 4: 4 occurrences (0.21%)
Value 5: 3 occurrences (0.16%)
Value 6: 32 occurrences (1.68%)
Value 8: 4 occurrences (0.21%)
Value 10: 4 occurrences (0.21%)
Value 13: 3 occurrences (0.16%)
Value 14: 96 occurrences (5.03%)
Value 15: 7 occurrences (0.37%)
Value 16: 3 occurrences (0.16%)
Value 18: 32 occurrences (1.68%)
Value 20: 4 occurrences (0.21%)
Value 22: 4 occurrences (0.21%)
Value 23: 3 occurrences (0.16%)
Value 25: 8 occurrences (0.42%)
Value 26: 4 occurrences (0.21%)
Value 27: 22 occurrences (1.15%)
Value 28: 3 occurrences (0.16%)
Value 29: 25 occurrences (1.31%)
Value 32: 4 occurrences (0.21%)
Value 34: 36 occurrences (1.88%)
Value 36: 3 occurrences (0.16%)
Value 37: 7 occurrences (0.37%)
Value 38: 16 occurrences (0.84%)
Value 41: 29 occurrences (1.52%)
Value 42: 27 occurrences (1.41%)
Value 44: 4 occurrences (0.21%)
Value 45: 3 occurrences (0.16%)
Value 46: 4 occurrences (0.21%)
Value 47: 4 occurrences (0.21%)
Value 48: 33 occurrences (1.73%)
Value 51: 32 occurrences (1.68%)
Value 53: 3 occurrences (0.16%)
Value 56: 7 occurrences (0.37%)
Value 58: 7 occurrences (0.37%)
Value 60: 7 occurrences (0.37%)
Value 62: 32 occurrences (1.68%)
Value 64: 3 occurrences (0.16%)
Value 66: 3 occurrences (0.16%)
Value 67: 4 occurrences (0.21%)
Value 68: 4 occurrences (0.21%)
Value 70: 4 occurrences (0.21%)
Value 72: 7 occurrences (0.37%)
Value 73: 23 occurrences (1.20%)
Value 74: 4 occurrences (0.21%)
Value 77: 4 occurrences (0.21%)
Value 78: 3 occurrences (0.16%)
Value 79: 4 occurrences (0.21%)
Value 82: 4 occurrences (0.21%)
Value 84: 11 occurrences (0.58%)
Value 85: 3 occurrences (0.16%)
Value 87: 3 occurrences (0.16%)
Value 89: 4 occurrences (0.21%)
Value 91: 4 occurrences (0.21%)
Value 94: 7 occurrences (0.37%)
Value 96: 10 occurrences (0.52%)
Value 98: 3 occurrences (0.16%)
Value 100: 4 occurrences (0.21%)
Value 103: 4 occurrences (0.21%)
Value 105: 4 occurrences (0.21%)
Value 106: 31 occurrences (1.62%)
Value 107: 6 occurrences (0.31%)
Value 108: 4 occurrences (0.21%)
Value 109: 25 occurrences (1.31%)
Value 111: 4 occurrences (0.21%)
Value 115: 4 occurrences (0.21%)
Value 116: 4 occurrences (0.21%)
Value 117: 11 occurrences (0.58%)
Value 118: 6 occurrences (0.31%)
Value 119: 3 occurrences (0.16%)
Value 120: 4 occurrences (0.21%)
Value 122: 4 occurrences (0.21%)
Value 126: 4 occurrences (0.21%)
Value 127: 4 occurrences (0.21%)
Value 129: 10 occurrences (0.52%)
Value 130: 22 occurrences (1.15%)
Value 131: 4 occurrences (0.21%)
Value 133: 4 occurrences (0.21%)
Value 135: 4 occurrences (0.21%)
Value 138: 4 occurrences (0.21%)
Value 140: 6 occurrences (0.31%)
Value 141: 7 occurrences (0.37%)
Value 142: 3 occurrences (0.16%)
Value 144: 4 occurrences (0.21%)
Value 146: 4 occurrences (0.21%)
Value 150: 7 occurrences (0.37%)
Value 151: 3 occurrences (0.16%)
Value 153: 120 occurrences (6.28%)
Value 154: 4 occurrences (0.21%)
Value 156: 4 occurrences (0.21%)
Value 161: 3 occurrences (0.16%)
Value 162: 36 occurrences (1.88%)
Value 164: 8 occurrences (0.42%)
Value 165: 4 occurrences (0.21%)
Value 167: 4 occurrences (0.21%)
Value 168: 32 occurrences (1.68%)
Value 171: 3 occurrences (0.16%)
Value 173: 10 occurrences (0.52%)
Value 175: 7 occurrences (0.37%)
Value 176: 4 occurrences (0.21%)
Value 179: 4 occurrences (0.21%)
Value 181: 4 occurrences (0.21%)
Value 183: 34 occurrences (1.78%)
Value 184: 3 occurrences (0.16%)
Value 185: 4 occurrences (0.21%)
Value 186: 7 occurrences (0.37%)
Value 187: 241 occurrences (12.62%)
Value 190: 4 occurrences (0.21%)
Value 191: 3 occurrences (0.16%)
Value 195: 32 occurrences (1.68%)
Value 196: 4 occurrences (0.21%)
Value 197: 32 occurrences (1.68%)
Value 198: 7 occurrences (0.37%)
Value 200: 28 occurrences (1.47%)
Value 201: 7 occurrences (0.37%)
Value 206: 8 occurrences (0.42%)
Value 207: 3 occurrences (0.16%)
Value 208: 35 occurrences (1.83%)
Value 209: 3 occurrences (0.16%)
Value 210: 7 occurrences (0.37%)
Value 211: 4 occurrences (0.21%)
Value 212: 22 occurrences (1.15%)
Value 215: 32 occurrences (1.68%)
Value 217: 3 occurrences (0.16%)
Value 218: 5 occurrences (0.26%)
Value 220: 8 occurrences (0.42%)
Value 221: 3 occurrences (0.16%)
Value 222: 3 occurrences (0.16%)
Value 223: 4 occurrences (0.21%)
Value 224: 3 occurrences (0.16%)
Value 227: 27 occurrences (1.41%)
Value 228: 24 occurrences (1.26%)
Value 229: 3 occurrences (0.16%)
Value 230: 3 occurrences (0.16%)
Value 232: 4 occurrences (0.21%)
Value 234: 7 occurrences (0.37%)
Value 235: 7 occurrences (0.37%)
Value 239: 35 occurrences (1.83%)
Value 240: 35 occurrences (1.83%)
Value 244: 4 occurrences (0.21%)
Value 246: 26 occurrences (1.36%)
Value 247: 8 occurrences (0.42%)
Value 251: 35 occurrences (1.83%)
Value 252: 20 occurrences (1.05%)
Value 255: 4 occurrences (0.21%)

--------------------------------------------------
MOST COMMON VALUES:
--------------------------------------------------
Value 187: 241 occurrences (12.62%)
Value 153: 120 occurrences (6.28%)
Value 14: 96 occurrences (5.03%)
Value 162: 36 occurrences (1.88%)
Value 34: 36 occurrences (1.88%)
Value 240: 35 occurrences (1.83%)
Value 208: 35 occurrences (1.83%)
Value 239: 35 occurrences (1.83%)
Value 251: 35 occurrences (1.83%)
Value 183: 34 occurrences (1.78%)
