205
205
205
205
205
205
205
205
205
205
205
205
205
205
205
205
205
205
205
205
205
208
211
214
214
217
217
217
217
217
217
217
217
217
217
217
217
217
217
217
217
217
217
217
217
220
220
220
220
220
220
220
220
220
220
220
220
220
220
220
220
220
220
220
220
220
220
220
220
220
220
220
220
220
220
220
220
220
220
220
220
220
220
220
220
220
220
220
220
220
220
220
220
220
220
220
220
220
220
220
220
220
220
220
220
220
220
220
220
220
220
220
220
220
220
220
220
220
220
220
220
220
220
220
220
220
220
220
220
220
220
220
220
220
220
220
220
220
220
220
220
220
220
220
220
220
220
220
220
220
220
220
220
220
220
220
220
220
220
220
220
220
220
220
220
220
220
220
220
220
220
220
220
220
220
220
220
220
220
220
220
220
220
220
220
220
220
220
220
220
220
220
220
220
223
226
226
229
229
229
229
229
229
229
229
232
232
232
232
235
235
235
235
235
235
235
235
235
235
235
235
235
235
235
235
235
235
235
235
235
235
235
235
235
235
235
235
235
235
235
235
235
235
235
235
235
235
235
235
235
235
238
241
0
0
0
0
0
0
0
241
241
241
241
241
241
241
241
241
241
241
241
241
241
241
241
241
241
241
241
241
241
241
241
241
241
241
241
241
241
241
241
241
241
241
241
241
241
241
241
241
241
241
241
241
241
241
241
241
241
241
241
241
241
241
241
241
241
241
241
241
241
241
241
241
241
241
241
241
241
241
241
241
241
241
241
241
241
241
241
241
241
241
241
241
241
241
241
241
241
241
241
241
241
241
241
241
241
241
241
241
241
241
241
241
241
241
241
241
241
241
241
241
241
241
241
241
241
241
241
241
241
241
241
241
241
241
241
241
241
241
241
241
241
241
241
241
241
241
241
241
241
241
241
241
241
241
241
241
241
241
241
241
241
241
241
241
241
241
241
241
241
241
241
241
241
241
241
241
241
241
241
241
241
241
241
241
241
241
241
241
241
241
241
241
241
241
241
241
241
241
241
241
241
241
241
241
241
241
241
241
252
252
252
252
252
1
1
5
5
9
12
15
15
15
15
18
21
24
24
24
24
24
27
27
30
30
30
30
30
30
30
30
30
30
30
30
30
30
30
30
30
30
33
33
36
36
42
42
42
42
42
42
42
42
42
42
42
42
42
45
45
45
45
48
48
48
48
48
48
48
48
48
48
48
48
48
48
48
48
48
48
48
48
48
48
48
48
48
48
48
48
48
48
48
48
48
48
48
48
48
48
48
48
48
48
48
48
48
48
48
48
48
48
48
48
48
48
48
48
48
48
48
48
48
48
48
48
48
48
48
48
48
48
48
48
48
48
48
48
48
48
48
48
48
48
48
48
48
48
48
48
48
48
48
48
48
48
48
48
48
48
48
48
48
48
48
48
48
48
48
48
48
48
48
48
48
48
48
48
48
48
48
48
48
48
48
48
48
48
48
48
48
48
48
48
48
48
48
48
48
48
48
48
51
57
57
57
60
60
60
60
60
60
60
60
60
60
60
60
60
60
60
60
60
60
60
60
60
60
60
60
60
60
60
60
60
60
60
60
60
60
60
60
60
60
60
60
60
60
60
60
60
60
60
60
60
60
60
60
60
60
60
60
60
60
60
60
60
60
60
60
60
60
60
60
60
60
60
60
60
60
60
60
60
60
60
60
60
60
60
60
60
60
60
60
60
60
60
60
60
60
60
60
60
60
60
60
60
60
60
60
60
60
60
60
60
60
60
60
60
60
60
60
60
60
60
60
60
60
60
60
60
60
60
60
60
60
60
60
60
60
60
60
60
60
60
60
60
60
60
60
60
78
0
0
0
0
0
0
0
78
78
78
78
78
78
78
78
78
78
78
78
78
78
78
78
78
78
78
78
78
78
78
78
78
78
78
78
78
78
78
78
78
78
78
78
78
78
78
78
78
78
78
78
78
78
78
78
78
78
78
78
78
78
78
78
78
78
78
78
78
89
89
89
89
89
89
92
95
95
99
103
106
109
112
115
118
118
121
139
157
178
196
229
238
238
241
23
28
31
35
38
41
45
45
48
61
68
71
71
74
122
125
128
128
128
128
131
139
142
142
142
142
145
148
148
148
148
148
151
151
151
151
154
154
154
154
154
157
170
173
173
173
173
173
173
173
173
176
176
176
176
176
176
176
176
176
176
176
176
176
176
176
176
179
199
202
202
202
202
202
202
202
205
208
208
208
208
208
208
208
211
241
244
244
244
244
244
244
244
244
247
247
250
24
27
27
30
30
30
30
30
30
33
33
33
33
33
33
36
123
71
49
143
143
143
143
143
143
143
143
146
158
158
158
158
158
158
158
158
161
161
164
164
164
164
164
167
59
62
65
65
65
65
65
65
65
83
95
98
98
98
98
98
98
98
101
101
104
104
104
104
104
104
107
71
137
234
244
244
244
244
244
244
244
247
252
252
252
252
252
252
252
252
252
252
255
255
255
255
255
255
2
2
168
168
168
168
168
168
168
168
168
174
104
120
120
120
120
120
120
120
120
123
123
123
123
123
123
126
154
154
154
154
154
154
154
154
154
157
157
157
157
157
157
160
188
188
188
188
188
188
188
188
188
191
191
191
191
191
191
194
49
58
58
58
58
58
58
58
61
61
61
61
61
61
61
64
64
64
64
67
67
97
100
100
100
100
100
100
100
100
103
103
103
103
103
103
103
103
103
106
136
140
140
140
140
140
140
140
140
143
143
143
143
143
143
146
204
208
208
208
208
208
208
208
208
211
211
211
211
211
211
211
211
211
211
214
62
55
108
108
108
108
108
108
108
108
111
111
114
114
114
117
117
162
165
165
165
165
165
165
165
165
168
168
168
168
168
171
193
193
193
193
193
196
212
212
212
212
212
212
212
212
212
215
215
215
215
215
215
218
218
234
234
234
234
234
234
234
234
237
237
237
237
237
237
240
12
15
15
15
15
15
15
15
15
18
18
18
18
18
18
18
18
18
18
21
192
123
123
123
123
123
123
123
123
123
126
126
126
126
126
129
157
157
157
157
157
157
157
157
157
160
160
160
160
160
160
160
160
160
160
163
163
163
163
163
163
163
163
163
163
163
163
163
163
163
163
163
163
163
163
163
163
163
163
163
163
163
163
163
163
163
163
163
163
163
163
163
163
163
163
163
163
163
163
163
163
163
163
163
163
163
163
163
163
163
163
163
163
163
163
163
163
163
163
163
163
163
163
163
163
163
163
163
163
163
163
163
163
163
163
163
163
163
163
163
163
163
163
163
163
163
163
166
210
210
210
210
210
210
210
210
210
210
210
210
210
210
210
210
210
210
210
210
210
210
210
213
213
213
216
219
219
219
222
6
6
46
46
46
46
83
83
83
83
83
83
86
114
114
114
114
117
117
117
117
117
120
151
179
207
235
235
238
56
56
56
56
59
59
59
59
59
59
59
59
59
59
59
59
59
59
59
59
59
59
59
59
59
59
59
59
59
62
62
62
62
65
65
65
65
65
65
65
65
65
65
65
65
65
65
65
65
65
65
65
65
65
65
65
65
65
65
65
65
65
65
65
65
65
65
65
65
65
65
65
65
65
65
65
65
65
65
65
65
65
65
65
65
65
65
65
65
65
65
68
71
71
71
71
71
71
71
71
74
74
74
74
74
74
74
74
74
74
74
74
74
74
74
74
74
74
74
74
74
74
74
74
74
74
74
74
74
74
74
74
74
77
80
80
80
83
83
83
83
86
86
86
86
86
86
86
86
86
86
86
86
86
86
86
86
86
86
86
86
86
86
86
86
86
86
92
100
103
103
103
103
103
103
103
103
103
103
103
103
103
103
103
103
103
103
103
103
103
103
103
103
103
119
119
119
119
122
122
122
122
125
144
147
147
147
147
147
147
147
147
147
147
147
147
147
147
147
147
147
147
147
147
147
147
147
147
147
150
150
150
150
150
150
150
150
153
153
153
153
153
153
153
153
153
153
153
153
153
153
153
153
153
153
153
153
153
153
153
153
153
153
153
153
153
153
153
153
153
153
153
153
153
153
153
153
153
153
153
156
159
159
162
162
162
162
162
162
162
162
162
162
162
162
162
162
162
162
162
162
162
162
162
162
162
162
162
162
162
162
162
162
162
162
162
162
162
162
162
162
162
162
162
162
162
162
162
162
162
162
162
162
162
162
162
162
162
162
162
162
162
162
162
162
162
162
162
162
162
162
162
162
162
162
162
162
162
162
165
37
140
242
250
253
253
0
0
0
0
0
3
3
3
3
6
36
42
45
45
45
48
226
200
215
218
218
221
221
221
221
221
221

--------------------------------------------------
FREQUENCY COUNTS:
--------------------------------------------------
Value 0: 19 occurrences (0.99%)
Value 1: 2 occurrences (0.10%)
Value 2: 2 occurrences (0.10%)
Value 3: 4 occurrences (0.21%)
Value 5: 2 occurrences (0.10%)
Value 6: 3 occurrences (0.16%)
Value 9: 1 occurrences (0.05%)
Value 12: 2 occurrences (0.10%)
Value 15: 12 occurrences (0.63%)
Value 18: 11 occurrences (0.58%)
Value 21: 2 occurrences (0.10%)
Value 23: 1 occurrences (0.05%)
Value 24: 6 occurrences (0.31%)
Value 27: 4 occurrences (0.21%)
Value 28: 1 occurrences (0.05%)
Value 30: 24 occurrences (1.26%)
Value 31: 1 occurrences (0.05%)
Value 33: 8 occurrences (0.42%)
Value 35: 1 occurrences (0.05%)
Value 36: 4 occurrences (0.21%)
Value 37: 1 occurrences (0.05%)
Value 38: 1 occurrences (0.05%)
Value 41: 1 occurrences (0.05%)
Value 42: 14 occurrences (0.73%)
Value 45: 9 occurrences (0.47%)
Value 46: 4 occurrences (0.21%)
Value 48: 142 occurrences (7.43%)
Value 49: 2 occurrences (0.10%)
Value 51: 1 occurrences (0.05%)
Value 55: 1 occurrences (0.05%)
Value 56: 4 occurrences (0.21%)
Value 57: 3 occurrences (0.16%)
Value 58: 7 occurrences (0.37%)
Value 59: 26 occurrences (1.36%)
Value 60: 145 occurrences (7.59%)
Value 61: 8 occurrences (0.42%)
Value 62: 6 occurrences (0.31%)
Value 64: 4 occurrences (0.21%)
Value 65: 65 occurrences (3.40%)
Value 67: 2 occurrences (0.10%)
Value 68: 2 occurrences (0.10%)
Value 71: 12 occurrences (0.63%)
Value 74: 34 occurrences (1.78%)
Value 77: 1 occurrences (0.05%)
Value 78: 62 occurrences (3.25%)
Value 80: 3 occurrences (0.16%)
Value 83: 11 occurrences (0.58%)
Value 86: 27 occurrences (1.41%)
Value 89: 6 occurrences (0.31%)
Value 92: 2 occurrences (0.10%)
Value 95: 3 occurrences (0.16%)
Value 97: 1 occurrences (0.05%)
Value 98: 7 occurrences (0.37%)
Value 99: 1 occurrences (0.05%)
Value 100: 9 occurrences (0.47%)
Value 101: 2 occurrences (0.10%)
Value 103: 35 occurrences (1.83%)
Value 104: 7 occurrences (0.37%)
Value 106: 2 occurrences (0.10%)
Value 107: 1 occurrences (0.05%)
Value 108: 8 occurrences (0.42%)
Value 109: 1 occurrences (0.05%)
Value 111: 2 occurrences (0.10%)
Value 112: 1 occurrences (0.05%)
Value 114: 7 occurrences (0.37%)
Value 115: 1 occurrences (0.05%)
Value 117: 7 occurrences (0.37%)
Value 118: 2 occurrences (0.10%)
Value 119: 4 occurrences (0.21%)
Value 120: 9 occurrences (0.47%)
Value 121: 1 occurrences (0.05%)
Value 122: 5 occurrences (0.26%)
Value 123: 16 occurrences (0.84%)
Value 125: 2 occurrences (0.10%)
Value 126: 6 occurrences (0.31%)
Value 128: 4 occurrences (0.21%)
Value 129: 1 occurrences (0.05%)
Value 131: 1 occurrences (0.05%)
Value 136: 1 occurrences (0.05%)
Value 137: 1 occurrences (0.05%)
Value 139: 2 occurrences (0.10%)
Value 140: 9 occurrences (0.47%)
Value 142: 4 occurrences (0.21%)
Value 143: 14 occurrences (0.73%)
Value 144: 1 occurrences (0.05%)
Value 145: 1 occurrences (0.05%)
Value 146: 2 occurrences (0.10%)
Value 147: 25 occurrences (1.31%)
Value 148: 5 occurrences (0.26%)
Value 150: 8 occurrences (0.42%)
Value 151: 5 occurrences (0.26%)
Value 153: 43 occurrences (2.25%)
Value 154: 14 occurrences (0.73%)
Value 156: 1 occurrences (0.05%)
Value 157: 17 occurrences (0.89%)
Value 158: 8 occurrences (0.42%)
Value 159: 2 occurrences (0.10%)
Value 160: 11 occurrences (0.58%)
Value 161: 2 occurrences (0.10%)
Value 162: 77 occurrences (4.03%)
Value 163: 92 occurrences (4.82%)
Value 164: 5 occurrences (0.26%)
Value 165: 9 occurrences (0.47%)
Value 166: 1 occurrences (0.05%)
Value 167: 1 occurrences (0.05%)
Value 168: 14 occurrences (0.73%)
Value 170: 1 occurrences (0.05%)
Value 171: 1 occurrences (0.05%)
Value 173: 8 occurrences (0.42%)
Value 174: 1 occurrences (0.05%)
Value 176: 16 occurrences (0.84%)
Value 178: 1 occurrences (0.05%)
Value 179: 2 occurrences (0.10%)
Value 188: 9 occurrences (0.47%)
Value 191: 6 occurrences (0.31%)
Value 192: 1 occurrences (0.05%)
Value 193: 5 occurrences (0.26%)
Value 194: 1 occurrences (0.05%)
Value 196: 2 occurrences (0.10%)
Value 199: 1 occurrences (0.05%)
Value 200: 1 occurrences (0.05%)
Value 202: 7 occurrences (0.37%)
Value 204: 1 occurrences (0.05%)
Value 205: 22 occurrences (1.15%)
Value 207: 1 occurrences (0.05%)
Value 208: 16 occurrences (0.84%)
Value 210: 23 occurrences (1.20%)
Value 211: 12 occurrences (0.63%)
Value 212: 9 occurrences (0.47%)
Value 213: 3 occurrences (0.16%)
Value 214: 3 occurrences (0.16%)
Value 215: 7 occurrences (0.37%)
Value 216: 1 occurrences (0.05%)
Value 217: 20 occurrences (1.05%)
Value 218: 4 occurrences (0.21%)
Value 219: 3 occurrences (0.16%)
Value 220: 149 occurrences (7.80%)
Value 221: 6 occurrences (0.31%)
Value 222: 1 occurrences (0.05%)
Value 223: 1 occurrences (0.05%)
Value 226: 3 occurrences (0.16%)
Value 229: 9 occurrences (0.47%)
Value 232: 4 occurrences (0.21%)
Value 234: 9 occurrences (0.47%)
Value 235: 44 occurrences (2.30%)
Value 237: 6 occurrences (0.31%)
Value 238: 4 occurrences (0.21%)
Value 240: 1 occurrences (0.05%)
Value 241: 204 occurrences (10.68%)
Value 242: 1 occurrences (0.05%)
Value 244: 15 occurrences (0.79%)
Value 247: 3 occurrences (0.16%)
Value 250: 2 occurrences (0.10%)
Value 252: 15 occurrences (0.79%)
Value 253: 2 occurrences (0.10%)
Value 255: 6 occurrences (0.31%)

--------------------------------------------------
MOST COMMON VALUES:
--------------------------------------------------
Value 241: 204 occurrences (10.68%)
Value 220: 149 occurrences (7.80%)
Value 60: 145 occurrences (7.59%)
Value 48: 142 occurrences (7.43%)
Value 163: 92 occurrences (4.82%)
Value 162: 77 occurrences (4.03%)
Value 65: 65 occurrences (3.40%)
Value 78: 62 occurrences (3.25%)
Value 235: 44 occurrences (2.30%)
Value 153: 43 occurrences (2.25%)
