11
11
11
13
12
11
11
11
11
11
11
11
11
11
2
8
2
10
16
3
13
6
3
3
13
1
13
19
2
12
13
1
13
2
19
13
18
2
12
2
10
3
11
11
13
13
11
11
12
11
11
11
11
11
11
11
11
11
11
11
11
11
11
11
11
11
11
11
11
11
11
11
11
11
11
11
11
11
11
11
11
11
11
11
11
11
11
11
2
8
12
2
10
17
9
16
19
8
12
8
2
8
2
12
0
2
10
2
18
2
10
2
2
10
2
2
10
1
12
12
2
2
12
2
17
2
10
2
13
3
11
2
17
2
10
11
2
13
2
11
17
2
12
2
17
2
2
10
2
12
2
2
11
11
11
11
2
12
2
2
11
17
12
11
11
11
11
11
11
2
7
12
2
10
6
2
6
8
16
8
12
2
2
2
19
13
1
13
12
2
2
11
12
0
2
12
2
11
2
12
0
10
12
12
0
11
12
2
10
17
12
2
12
2
10
16
2
10
12
0
12
0
11
12
12
3
11
12
12
12
12
0
12
11
12
2
10
2
6
12
2
8
2
10
12
10
2
16
13
2
12
12
19
2
12
2
12
12
3
2
2
11
12
2
10
2
12
11
12
2
10
2
1
12
11
12
2
8
2
10
17
3
8
12
16
6
13
2
10
12
3
12
16
6
13
16
2
12
2
12
2
10
2
8
2
12
2
11
12
0
11
2
12
2
10
13
2
2
16
2
10
12
12
