129
1
129
64
65
19
19
147
147
147
19
147
19
19
131
132
135
135
137
138
138
139
140
142
142
143
143
143
144
144
145
146
146
147
152
208
208
147
147
148
148
149
129
1
128
129
147
0
0
147
147
19
19
147
147
147
147
147
19
19
19
19
147
147
19
19
147
19
147
147
147
19
147
19
147
19
147
19
19
19
147
19
147
19
147
19
147
19
43
44
46
47
47
49
50
50
50
51
51
52
53
53
54
54
55
55
55
56
57
58
58
59
60
60
61
64
64
66
81
82
83
84
84
85
112
114
114
116
116
117
117
122
144
146
146
147
150
150
151
151
176
178
178
179
208
210
214
214
66
66
67
68
129
1
129
1
66
66
67
68
147
192
193
0
19
147
147
19
147
171
172
174
175
175
177
178
178
178
178
179
179
180
181
182
182
183
184
184
186
187
188
188
189
190
192
194
195
129
251
251
252
254
254
255
0
1
42
43
43
49
50
51
82
83
83
88
90
90
124
125
126
127
127
127
128
129
129
130
134
136
196
197
197
1
196
197
197
198
112
112
123
124
127
127
128
129
130
130
131
132
132
133
133
134
134
135
135
138
139
140
144
129
150
151
151
152
158
147
150
151
151
152
208
208
0
0
51
52
55
55
57
58
58
58
58
59
59
60
60
60
61
61
61
62
62
62
63
64
65
65
67
67
68
68
69
69
70
70
70
71
71
72
72
73
73
73
74
75
79
81
81
84
85
