48
48
48
48
96
48
48
48
48
48
48
48
48
48
48
48
56
48
48
120
184
48
56
56
88
80
56
48
56
88
56
80
56
88
48
48
48
56
96
56
48
56
48
48
48
56
48
48
48
48
48
48
48
48
48
48
48
48
48
48
48
48
48
48
48
48
48
48
48
48
48
48
48
48
48
48
48
48
48
48
48
48
48
48
48
48
48
48
48
48
56
56
48
48
48
80
48
80
120
48
56
48
128
88
48
88
48
56
48
56
48
56
56
48
56
56
48
48
48
56
48
56
96
48
48
56
48
56
56
56
48
56
48
56
48
48
56
56
96
48
48
56
56
48
48
56
56
48
56
56
48
56
48
48
48
48
56
56
48
56
48
48
56
80
48
48
48
48
48
48
48
56
56
48
48
56
80
80
80
48
56
56
56
48
48
56
48
56
56
48
56
48
56
48
56
56
80
48
56
56
48
80
48
56
48
48
56
56
48
48
56
48
56
56
48
48
56
48
56
48
56
48
48
48
56
48
48
56
56
56
56
48
56
48
56
56
48
56
48
56
48
48
56
80
56
48
152
112
56
56
56
88
80
56
120
88
56
56
48
56
56
48
56
56
48
56
56
48
56
56
48
56
48
56
48
48
48
48
56
48
48
56
144
56
80
48
56
56
48
56
56
96
176
80
248
144
216
56
56
56
56
48
56
112
56
96
96
48
56
80
48
48
88
56
48
56
88
56
80
56
48
48
56