6
6
6
6
6
6
6
6
6
6
6
6
6
6
6
6
6
6
6
6
6
18
81
210
210
95
95
95
95
95
95
95
95
95
95
95
95
95
95
95
95
95
95
95
95
248
248
248
248
248
248
248
248
248
248
248
248
248
248
248
248
248
248
248
248
248
248
248
248
248
248
248
248
248
248
248
248
248
248
248
248
248
248
248
248
248
248
248
248
248
248
248
248
248
248
248
248
248
248
248
248
248
248
248
248
248
248
248
248
248
248
248
248
248
248
248
248
248
248
248
248
248
248
248
248
248
248
248
248
248
248
248
248
248
248
248
248
248
248
248
248
248
248
248
248
248
248
248
248
248
248
248
248
248
248
248
248
248
248
248
248
248
248
248
248
248
248
248
248
248
248
248
248
248
248
248
248
248
248
248
248
248
248
248
248
248
248
248
248
248
248
248
248
248
4
145
145
18
18
18
18
18
18
18
18
171
171
171
171
68
68
68
68
68
68
68
68
68
68
68
68
68
68
68
68
68
68
68
68
68
68
68
68
68
68
68
68
68
68
68
68
68
68
68
68
68
68
68
68
68
68
80
92
0
0
0
0
0
0
0
92
92
92
92
92
92
92
92
92
92
92
92
92
92
92
92
92
92
92
92
92
92
92
92
92
92
92
92
92
92
92
92
92
92
92
92
92
92
92
92
92
92
92
92
92
92
92
92
92
92
92
92
92
92
92
92
92
92
92
92
92
92
92
92
92
92
92
92
92
92
92
92
92
92
92
92
92
92
92
92
92
92
92
92
92
92
92
92
92
92
92
92
92
92
92
92
92
92
92
92
92
92
92
92
92
92
92
92
92
92
92
92
92
92
92
92
92
92
92
92
92
92
92
92
92
92
92
92
92
92
92
92
92
92
92
92
92
92
92
92
92
92
92
92
92
92
92
92
92
92
92
92
92
92
92
92
92
92
92
92
92
92
92
92
92
92
92
92
92
92
92
92
92
92
92
92
92
92
92
92
92
92
92
92
92
92
92
92
92
92
92
92
92
92
92
92
92
92
92
92
92
29
29
29
29
29
130
130
218
218
50
116
182
182
182
182
103
80
57
57
57
57
57
34
34
251
251
251
251
251
251
251
251
251
251
251
251
251
251
251
251
251
251
212
212
157
157
47
47
47
47
47
47
47
47
47
47
47
47
47
224
224
224
224
121
121
121
121
121
121
121
121
121
121
121
121
121
121
121
121
121
121
121
121
121
121
121
121
121
121
121
121
121
121
121
121
121
121
121
121
121
121
121
121
121
121
121
121
121
121
121
121
121
121
121
121
121
121
121
121
121
121
121
121
121
121
121
121
121
121
121
121
121
121
121
121
121
121
121
121
121
121
121
121
121
121
121
121
121
121
121
121
121
121
121
121
121
121
121
121
121
121
121
121
121
121
121
121
121
121
121
121
121
121
121
121
121
121
121
121
121
121
121
121
121
121
121
121
121
121
121
121
121
121
121
121
121
121
121
121
121
121
121
121
133
106
106
106
51
51
51
51
51
51
51
51
51
51
51
51
51
51
51
51
51
51
51
51
51
51
51
51
51
51
51
51
51
51
51
51
51
51
51
51
51
51
51
51
51
51
51
51
51
51
51
51
51
51
51
51
51
51
51
51
51
51
51
51
51
51
51
51
51
51
51
51
51
51
51
51
51
51
51
51
51
51
51
51
51
51
51
51
51
51
51
51
51
51
51
51
51
51
51
51
51
51
51
51
51
51
51
51
51
51
51
51
51
51
51
51
51
51
51
51
51
51
51
51
51
51
51
51
51
51
51
51
51
51
51
51
51
51
51
51
51
51
51
51
51
51
51
51
51
127
0
0
0
0
0
0
0
127
127
127
127
127
127
127
127
127
127
127
127
127
127
127
127
127
127
127
127
127
127
127
127
127
127
127
127
127
127
127
127
127
127
127
127
127
127
127
127
127
127
127
127
127
127
127
127
127
127
127
127
127
127
127
127
127
127
127
127
127
32
32
32
32
32
32
98
164
164
252
84
150
127
127
104
81
81
58
138
138
59
59
228
234
234
139
204
80
25
54
255
216
13
13
214
182
132
53
53
230
184
81
2
2
2
2
203
203
164
164
164
164
109
70
70
70
70
70
247
247
247
247
192
192
192
192
192
153
41
242
242
242
242
242
242
242
242
219
219
219
219
219
219
219
219
219
219
219
219
219
219
219
219
180
148
125
125
125
125
125
125
125
86
63
63
63
63
63
63
63
40
9
242
242
242
242
242
242
242
242
203
203
164
133
110
110
87
87
87
87
87
87
48
48
48
48
48
48
249
26
91
92
29
29
29
29
29
29
29
29
246
246
246
246
246
246
246
246
246
223
223
200
200
200
200
200
121
186
254
231
231
231
231
231
231
231
135
7
208
208
208
208
208
208
208
169
169
130
130
130
130
130
130
91
157
160
65
49
49
49
49
49
49
49
26
191
191
191
191
191
191
191
191
191
191
168
168
168
168
168
168
181
181
92
92
92
92
92
92
92
92
92
102
232
232
232
232
232
232
232
232
232
209
209
209
209
209
209
222
159
159
159
159
159
159
159
159
159
136
136
136
136
136
136
149
86
86
86
86
86
86
86
86
86
63
63
63
63
63
63
76
205
221
221
221
221
221
221
221
234
234
234
234
234
234
234
247
247
247
247
208
208
177
122
122
122
122
122
122
122
122
99
99
99
99
99
99
99
99
99
20
117
194
194
194
194
194
194
194
194
171
171
171
171
171
171
116
245
90
90
90
90
90
90
90
90
67
67
67
67
67
67
67
67
67
67
28
158
0
17
17
17
17
17
17
17
17
30
30
27
27
27
244
244
149
126
126
126
126
126
126
126
126
139
139
139
139
139
116
90
90
90
90
90
67
164
164
164
164
164
164
164
164
164
141
141
141
141
141
141
118
118
118
118
118
118
118
118
118
118
95
95
95
95
95
95
72
201
198
198
198
198
198
198
198
198
175
175
175
175
175
175
175
175
175
175
152
24
154
154
154
154
154
154
154
154
154
167
167
167
167
167
180
117
117
117
117
117
117
117
117
117
94
94
94
94
94
94
94
94
94
94
55
55
55
55
55
55
55
55
55
55
55
55
55
55
55
55
55
55
55
55
55
55
55
55
55
55
55
55
55
55
55
55
55
55
55
55
55
55
55
55
55
55
55
55
55
55
55
55
55
55
55
55
55
55
55
55
55
55
55
55
55
55
55
55
55
55
55
55
55
55
55
55
55
55
55
55
55
55
55
55
55
55
55
55
55
55
55
55
55
55
55
55
67
33
33
33
33
33
33
33
33
33
33
33
33
33
33
33
33
33
33
33
33
33
33
33
250
250
250
227
172
172
172
149
21
21
213
213
213
213
150
150
150
150
150
150
127
64
64
64
64
41
41
41
41
41
18
124
124
124
124
124
101
233
233
233
233
210
210
210
210
210
210
210
210
210
210
210
210
210
210
210
210
210
210
210
210
210
210
210
210
210
171
171
171
171
116
116
116
116
116
116
116
116
116
116
116
116
116
116
116
116
116
116
116
116
116
116
116
116
116
116
116
116
116
116
116
116
116
116
116
116
116
116
116
116
116
116
116
116
116
116
116
116
116
116
116
116
116
116
116
116
116
116
128
73
73
73
73
73
73
73
73
18
18
18
18
18
18
18
18
18
18
18
18
18
18
18
18
18
18
18
18
18
18
18
18
18
18
18
18
18
18
18
18
18
195
172
172
172
149
149
149
149
94
94
94
94
94
94
94
94
94
94
94
94
94
94
94
94
94
94
94
94
94
94
94
94
94
94
216
182
127
127
127
127
127
127
127
127
127
127
127
127
127
127
127
127
127
127
127
127
127
127
127
127
127
224
224
224
224
169
169
169
169
114
34
11
11
11
11
11
11
11
11
11
11
11
11
11
11
11
11
11
11
11
11
11
11
11
11
11
212
212
212
212
212
212
212
212
133
133
133
133
133
133
133
133
133
133
133
133
133
133
133
133
133
133
133
133
133
133
133
133
133
133
133
133
133
133
133
133
133
133
133
133
133
133
133
133
133
133
133
145
66
66
243
243
243
243
243
243
243
243
243
243
243
243
243
243
243
243
243
243
243
243
243
243
243
243
243
243
243
243
243
243
243
243
243
243
243
243
243
243
243
243
243
243
243
243
243
243
243
243
243
243
243
243
243
243
243
243
243
243
243
243
243
243
243
243
243
243
243
243
243
243
243
243
243
243
243
243
255
32
213
246
246
207
207
168
168
168
168
168
113
113
113
113
90
219
141
118
118
118
63
64
97
129
158
158
119
119
119
119
119
119

--------------------------------------------------
FREQUENCY COUNTS:
--------------------------------------------------
Value 0: 15 occurrences (0.79%)
Value 2: 4 occurrences (0.21%)
Value 4: 1 occurrences (0.05%)
Value 6: 21 occurrences (1.10%)
Value 7: 1 occurrences (0.05%)
Value 9: 1 occurrences (0.05%)
Value 11: 25 occurrences (1.31%)
Value 13: 2 occurrences (0.10%)
Value 17: 8 occurrences (0.42%)
Value 18: 43 occurrences (2.25%)
Value 20: 1 occurrences (0.05%)
Value 21: 2 occurrences (0.10%)
Value 24: 1 occurrences (0.05%)
Value 25: 1 occurrences (0.05%)
Value 26: 2 occurrences (0.10%)
Value 27: 3 occurrences (0.16%)
Value 28: 1 occurrences (0.05%)
Value 29: 13 occurrences (0.68%)
Value 30: 2 occurrences (0.10%)
Value 32: 7 occurrences (0.37%)
Value 33: 23 occurrences (1.20%)
Value 34: 3 occurrences (0.16%)
Value 40: 1 occurrences (0.05%)
Value 41: 6 occurrences (0.31%)
Value 47: 13 occurrences (0.68%)
Value 48: 6 occurrences (0.31%)
Value 49: 7 occurrences (0.37%)
Value 50: 1 occurrences (0.05%)
Value 51: 145 occurrences (7.59%)
Value 53: 2 occurrences (0.10%)
Value 54: 1 occurrences (0.05%)
Value 55: 92 occurrences (4.82%)
Value 57: 5 occurrences (0.26%)
Value 58: 1 occurrences (0.05%)
Value 59: 2 occurrences (0.10%)
Value 63: 14 occurrences (0.73%)
Value 64: 5 occurrences (0.26%)
Value 65: 1 occurrences (0.05%)
Value 66: 2 occurrences (0.10%)
Value 67: 12 occurrences (0.63%)
Value 68: 42 occurrences (2.20%)
Value 70: 5 occurrences (0.26%)
Value 72: 1 occurrences (0.05%)
Value 73: 8 occurrences (0.42%)
Value 76: 1 occurrences (0.05%)
Value 80: 3 occurrences (0.16%)
Value 81: 4 occurrences (0.21%)
Value 84: 1 occurrences (0.05%)
Value 86: 10 occurrences (0.52%)
Value 87: 6 occurrences (0.31%)
Value 90: 14 occurrences (0.73%)
Value 91: 2 occurrences (0.10%)
Value 92: 212 occurrences (11.10%)
Value 94: 36 occurrences (1.88%)
Value 95: 26 occurrences (1.36%)
Value 97: 1 occurrences (0.05%)
Value 98: 1 occurrences (0.05%)
Value 99: 9 occurrences (0.47%)
Value 101: 1 occurrences (0.05%)
Value 102: 1 occurrences (0.05%)
Value 103: 1 occurrences (0.05%)
Value 104: 1 occurrences (0.05%)
Value 106: 3 occurrences (0.16%)
Value 109: 1 occurrences (0.05%)
Value 110: 2 occurrences (0.10%)
Value 113: 4 occurrences (0.21%)
Value 114: 1 occurrences (0.05%)
Value 116: 61 occurrences (3.19%)
Value 117: 10 occurrences (0.52%)
Value 118: 13 occurrences (0.68%)
Value 119: 6 occurrences (0.31%)
Value 121: 141 occurrences (7.38%)
Value 122: 8 occurrences (0.42%)
Value 124: 5 occurrences (0.26%)
Value 125: 7 occurrences (0.37%)
Value 126: 8 occurrences (0.42%)
Value 127: 90 occurrences (4.71%)
Value 128: 1 occurrences (0.05%)
Value 129: 1 occurrences (0.05%)
Value 130: 8 occurrences (0.42%)
Value 132: 1 occurrences (0.05%)
Value 133: 45 occurrences (2.36%)
Value 135: 1 occurrences (0.05%)
Value 136: 6 occurrences (0.31%)
Value 138: 2 occurrences (0.10%)
Value 139: 6 occurrences (0.31%)
Value 141: 7 occurrences (0.37%)
Value 145: 3 occurrences (0.16%)
Value 148: 1 occurrences (0.05%)
Value 149: 7 occurrences (0.37%)
Value 150: 7 occurrences (0.37%)
Value 152: 1 occurrences (0.05%)
Value 153: 1 occurrences (0.05%)
Value 154: 9 occurrences (0.47%)
Value 157: 3 occurrences (0.16%)
Value 158: 3 occurrences (0.16%)
Value 159: 9 occurrences (0.47%)
Value 160: 1 occurrences (0.05%)
Value 164: 16 occurrences (0.84%)
Value 167: 5 occurrences (0.26%)
Value 168: 11 occurrences (0.58%)
Value 169: 6 occurrences (0.31%)
Value 171: 14 occurrences (0.73%)
Value 172: 6 occurrences (0.31%)
Value 175: 10 occurrences (0.52%)
Value 177: 1 occurrences (0.05%)
Value 180: 2 occurrences (0.10%)
Value 181: 2 occurrences (0.10%)
Value 182: 6 occurrences (0.31%)
Value 184: 1 occurrences (0.05%)
Value 186: 1 occurrences (0.05%)
Value 191: 10 occurrences (0.52%)
Value 192: 5 occurrences (0.26%)
Value 194: 8 occurrences (0.42%)
Value 195: 1 occurrences (0.05%)
Value 198: 8 occurrences (0.42%)
Value 200: 5 occurrences (0.26%)
Value 201: 1 occurrences (0.05%)
Value 203: 4 occurrences (0.21%)
Value 204: 1 occurrences (0.05%)
Value 205: 1 occurrences (0.05%)
Value 207: 2 occurrences (0.10%)
Value 208: 9 occurrences (0.47%)
Value 209: 6 occurrences (0.31%)
Value 210: 27 occurrences (1.41%)
Value 212: 10 occurrences (0.52%)
Value 213: 5 occurrences (0.26%)
Value 214: 1 occurrences (0.05%)
Value 216: 2 occurrences (0.10%)
Value 218: 2 occurrences (0.10%)
Value 219: 17 occurrences (0.89%)
Value 221: 7 occurrences (0.37%)
Value 222: 1 occurrences (0.05%)
Value 223: 2 occurrences (0.10%)
Value 224: 8 occurrences (0.42%)
Value 227: 1 occurrences (0.05%)
Value 228: 1 occurrences (0.05%)
Value 230: 1 occurrences (0.05%)
Value 231: 7 occurrences (0.37%)
Value 232: 9 occurrences (0.47%)
Value 233: 4 occurrences (0.21%)
Value 234: 9 occurrences (0.47%)
Value 242: 16 occurrences (0.84%)
Value 243: 76 occurrences (3.98%)
Value 244: 2 occurrences (0.10%)
Value 245: 1 occurrences (0.05%)
Value 246: 11 occurrences (0.58%)
Value 247: 8 occurrences (0.42%)
Value 248: 149 occurrences (7.80%)
Value 249: 1 occurrences (0.05%)
Value 250: 3 occurrences (0.16%)
Value 251: 18 occurrences (0.94%)
Value 252: 1 occurrences (0.05%)
Value 254: 1 occurrences (0.05%)
Value 255: 2 occurrences (0.10%)

--------------------------------------------------
MOST COMMON VALUES:
--------------------------------------------------
Value 92: 212 occurrences (11.10%)
Value 248: 149 occurrences (7.80%)
Value 51: 145 occurrences (7.59%)
Value 121: 141 occurrences (7.38%)
Value 55: 92 occurrences (4.82%)
Value 127: 90 occurrences (4.71%)
Value 243: 76 occurrences (3.98%)
Value 116: 61 occurrences (3.19%)
Value 133: 45 occurrences (2.36%)
Value 18: 43 occurrences (2.25%)
