133
133
134
134
134
134
135
135
135
136
136
136
136
136
137
137
137
138
138
138
138
138
138
138
138
138
138
138
138
138
138
138
138
138
138
138
138
138
138
138
138
138
138
138
138
138
138
138
139
139
139
139
139
139
139
139
139
139
139
139
139
139
139
139
139
139
139
139
140
140
140
140
141
141
141
141
142
142
142
142
143
143
143
143
144
144
144
144
145
145
145
145
146
146
146
146
147
147
147
147
148
148
148
148
149
149
149
149
150
150
150
150
151
151
151
151
152
152
152
152
153
153
153
153
154
154
154
154
155
155
155
155
156
156
156
156
157
157
157
157
158
158
158
158
158
159
159
159
159
160
160
160
160
161
161
161
161
162
162
162
162
163
163
163
163
164
164
164
164
165
165
165
165
166
166
166
166
167
167
167
167
168
168
168
168
169
169
169
169
170
170
170
170
170
170
170
170
170
170
170
170
170
170
170
170
170
170
170
170
170
170
170
170
170
170
170
170
170
170
170
171
171
171
171
171
171
171
171
171
171
171
172
172
172
172
173
173
173
173
174
174
174
174
175
175
175
175
176
176
176
176
177
177
0
0
0
0
0
0
0
177
177
177
177
177
177
177
177
177
177
177
177
177
177
177
177
177
177
177
177
177
177
177
177
177
177
177
177
177
177
177
177
177
177
177
177
177
177
177
177
177
177
177
177
177
177
177
177
177
177
177
177
177
177
177
177
177
177
177
177
177
177
177
177
177
177
177
177
177
177
177
177
177
177
177
177
177
177
177
177
177
177
177
177
177
177
177
177
177
177
177
177
177
177
177
177
177
177
177
177
177
177
177
177
177
177
177
177
177
177
177
177
177
177
177
177
177
177
177
177
177
177
177
177
177
177
177
177
177
177
177
177
177
177
177
177
177
177
177
177
177
177
177
177
177
177
177
177
177
177
177
177
177
177
177
177
177
177
177
177
177
177
177
177
177
177
177
177
177
177
177
177
177
177
177
177
177
177
177
177
177
177
177
177
177
177
177
177
177
177
177
177
177
177
177
177
177
177
177
177
177
177
177
177
177
177
177
177
177
177
177
177
177
177
177
177
177
177
177
177
177
177
177
177
177
177
177
177
177
177
177
177
177
177
177
177
177
177
177
178
178
178
178
178
178
178
178
178
178
178
178
178
178
178
178
178
178
178
178
178
178
178
178
178
178
178
178
179
179
179
179
179
179
179
179
179
179
179
179
179
179
179
179
179
179
179
179
179
179
180
180
180
181
181
181
182
182
182
182
183
183
183
184
184
184
184
184
184
184
185
185
185
185
186
186
186
187
187
187
187
188
188
188
189
189
189
189
190
190
190
191
191
191
191
192
192
192
192
193
193
193
193
194
194
194
194
195
195
195
195
196
196
196
196
197
197
197
197
198
198
198
198
198
199
199
199
199
200
200
200
200
201
201
201
201
202
202
202
202
203
203
203
204
204
204
204
205
205
205
206
206
206
206
207
207
207
208
208
208
208
209
209
209
210
210
210
210
210
210
210
210
210
210
210
210
210
210
210
210
210
210
210
210
210
210
210
210
210
210
210
210
210
211
211
211
212
212
212
213
213
213
213
214
214
214
215
215
215
215
216
216
216
216
217
217
217
217
218
218
218
218
219
219
219
219
220
220
220
220
221
221
221
221
222
222
222
222
223
223
223
223
224
224
224
224
225
225
225
225
226
226
226
226
227
227
227
227
228
228
228
228
229
229
229
229
230
230
230
230
230
231
231
231
231
232
232
232
232
233
233
233
233
234
234
234
234
235
235
235
235
236
236
236
236
237
237
237
237
238
238
238
238
239
239
239
239
240
240
240
240
241
241
241
242
0
0
0
0
0
0
0
242
242
242
242
242
242
242
242
242
242
242
242
242
242
242
242
242
242
242
242
242
242
242
242
242
242
242
242
242
242
242
242
242
242
242
242
242
242
242
242
242
242
242
242
242
242
242
242
242
242
242
242
242
242
242
242
242
242
242
242
242
242
242
242
242
242
242
242
242
242
242
242
242
242
242
242
242
242
242
242
242
242
242
242
242
242
242
242
242
242
242
242
242
242
242
242
242
242
242
242
242
242
242
242
242
242
242
242
242
242
242
243
243
243
243
243
243
243
243
243
243
243
243
243
243
243
243
243
243
243
243
243
243
243
243
243
243
243
243
243
243
243
243
244
244
244
244
244
244
244
244
244
244
244
244
244
244
244
244
244
244
244
244
244
244
244
244
244
244
244
244
244
244
244
244
245
245
245
245
245
245
245
245
245
245
245
245
245
245
245
245
245
245
245
245
245
245
245
245
245
245
245
245
245
245
245
245
246
246
246
246
246
246
246
246
246
246
246
246
246
246
246
246
246
246
246
246
246
246
246
246
246
246
246
246
246
246
246
247
247
247
247
247
247
247
247
247
247
247
247
247
247
247
247
247
247
247
247
247
247
247
247
247
247
247
247
247
247
247
247
248
248
248
248
248
248
248
248
248
248
248
248
248
248
248
248
248
248
248
248
248
248
248
248
248
248
248
249
249
249
249
249
249
249
249
249
249
249
249
249
249
249
249
249
249
249
249
249
249
249
249
249
249
249
249
249
249
249
249
250
250
250
250
250
250
250
250
250
250
250
250
250
250
250
250
250
250
250
250
250
250
250
250
250
250
250
250
250
250
250
250
251
251
251
251
251
251
251
251
251
251
251
251
251
251
251
251
251
251
251
251
251
251
251
251
251
251
251
251
251
251
251
251
252
252
252
252
252
252
252
252
252
252
252
252
252
252
252
252
252
252
252
252
252
252
252
252
252
252
252
252
252
252
252
252
253
253
253
253
253
253
253
253
253
253
253
253
253
253
253
253
253
253
253
253
253
253
253
253
253
254
254
254
254
254
254
254
254
254
254
254
254
254
254
254
254
254
254
254
254
254
254
254
254
254
254
254
254
254
255
255
255
255
255
255
255
255
255
255
255
255
255
255
255
255
255
255
255
255
255
255
255
255
255
255
255
255
255
255
255
255
0
0
0
0
0
0
0
0
0
0
0
0
0
0
0
0
0
0
0
0
0
0
0
0
0
0
0
0
0
0
0
0
1
1
1
1
1
1
1
1
1
1
1
1
1
1
1
1
1
1
1
1
1
1
1
2
2
2
3
3
3
4
4
4
5
5
5
6
6
6
6
6
6
6
6
6
6
6
6
6
6
6
6
6
6
6
6
6
6
7
7
7
8
8
8
8
9
9
9
10
10
10
11
11
11
12
12
12
13
13
13
14
14
14
15
15
15
16
16
16
16
16
16
16
16
16
16
16
16
16
16
16
16
16
16
16
16
16
16
16
17
17
17
17
17
17
17
17
18
18
18
18
18
18
18
18
18
18
18
18
18
18
18
18
18
18
18
18
18
18
18
18
18
18
18
18
18
18
18
18
18
18
18
18
18
18
18
18
18
18
18
18
18
18
18
18
18
18
18
18
18
18
18
18
18
18
18
18
18
18
18
19
19
19
20
20
20
20
20
20
20
20
20
20
20
20
20
20
20
20
20
20
20
20
20
20
20
20
20
20
20
21
21
21
22
22
22
23
23
23
23
24
24
24
25
25
25
26
26
26
27
27
27
28
28
28
29
29
29
30
30
30
31
31
31
31
31
31
31
31
31
31
31
31
31
31
31
31
31
31
31
31
31
31
31
31
31
31
31
31
31
31
31
31
32
32
32
32
32
32
33
33
33
34
34
34
34
34
34
34
34
34
34
34
34
34
34
34
34
34
34
34
34
34
34
34
34
34
34
34
34
35
35
35
35
35
35
35
35
36
36
36
37
37
37
37
37
37
37
37
37
37
37
37
37
37
37
37
37
37
37
37
37
37
37
37
38
38
38
40
40
40
40
41
41
41
41
41
41
41
41
41
41
41
41
41
41
41
41
41
41
41
41
41
41
41
41
41
41
41
41
42
42
42
43
43
43
43
43
43
43
43
43
43
43
43
43
43
43
43
43
43
43
43
43
43
43
43
43
43
43
43
43
43
43
43
44
44
44
45
45
45
46
46
46
47
47
47
47
48
48
48
49
49
49
50
50
50
50
50
50
50
50
50
50
50
50
50
50
50
50
50
50
50
50
50
50
50
50
50
51
51
51
52
52
52
53
53
53
54
54
54
55
55
55
56
56
56
57
57
57
57
58
58
58
59
59
59
60
60
60
61
61
61
62
62
62
63
63
63
63
64
64
64
65
65
65
66
66
66
67
67
67
67
67
67
67
67
67
67
67
67
67
67
67
67
67
67
67
67
67
67
68
68
68
68
68
68
68
68
68
68
68
68
68
68
68
68

--------------------------------------------------
FREQUENCY COUNTS:
--------------------------------------------------
Value 0: 46 occurrences (2.41%)
Value 1: 23 occurrences (1.20%)
Value 2: 3 occurrences (0.16%)
Value 3: 3 occurrences (0.16%)
Value 4: 3 occurrences (0.16%)
Value 5: 3 occurrences (0.16%)
Value 6: 22 occurrences (1.15%)
Value 7: 3 occurrences (0.16%)
Value 8: 4 occurrences (0.21%)
Value 9: 3 occurrences (0.16%)
Value 10: 3 occurrences (0.16%)
Value 11: 3 occurrences (0.16%)
Value 12: 3 occurrences (0.16%)
Value 13: 3 occurrences (0.16%)
Value 14: 3 occurrences (0.16%)
Value 15: 3 occurrences (0.16%)
Value 16: 23 occurrences (1.20%)
Value 17: 8 occurrences (0.42%)
Value 18: 63 occurrences (3.30%)
Value 19: 3 occurrences (0.16%)
Value 20: 27 occurrences (1.41%)
Value 21: 3 occurrences (0.16%)
Value 22: 3 occurrences (0.16%)
Value 23: 4 occurrences (0.21%)
Value 24: 3 occurrences (0.16%)
Value 25: 3 occurrences (0.16%)
Value 26: 3 occurrences (0.16%)
Value 27: 3 occurrences (0.16%)
Value 28: 3 occurrences (0.16%)
Value 29: 3 occurrences (0.16%)
Value 30: 3 occurrences (0.16%)
Value 31: 32 occurrences (1.68%)
Value 32: 6 occurrences (0.31%)
Value 33: 3 occurrences (0.16%)
Value 34: 28 occurrences (1.47%)
Value 35: 8 occurrences (0.42%)
Value 36: 3 occurrences (0.16%)
Value 37: 24 occurrences (1.26%)
Value 38: 3 occurrences (0.16%)
Value 40: 4 occurrences (0.21%)
Value 41: 28 occurrences (1.47%)
Value 42: 3 occurrences (0.16%)
Value 43: 32 occurrences (1.68%)
Value 44: 3 occurrences (0.16%)
Value 45: 3 occurrences (0.16%)
Value 46: 3 occurrences (0.16%)
Value 47: 4 occurrences (0.21%)
Value 48: 3 occurrences (0.16%)
Value 49: 3 occurrences (0.16%)
Value 50: 25 occurrences (1.31%)
Value 51: 3 occurrences (0.16%)
Value 52: 3 occurrences (0.16%)
Value 53: 3 occurrences (0.16%)
Value 54: 3 occurrences (0.16%)
Value 55: 3 occurrences (0.16%)
Value 56: 3 occurrences (0.16%)
Value 57: 4 occurrences (0.21%)
Value 58: 3 occurrences (0.16%)
Value 59: 3 occurrences (0.16%)
Value 60: 3 occurrences (0.16%)
Value 61: 3 occurrences (0.16%)
Value 62: 3 occurrences (0.16%)
Value 63: 4 occurrences (0.21%)
Value 64: 3 occurrences (0.16%)
Value 65: 3 occurrences (0.16%)
Value 66: 3 occurrences (0.16%)
Value 67: 22 occurrences (1.15%)
Value 68: 16 occurrences (0.84%)
Value 133: 2 occurrences (0.10%)
Value 134: 4 occurrences (0.21%)
Value 135: 3 occurrences (0.16%)
Value 136: 5 occurrences (0.26%)
Value 137: 3 occurrences (0.16%)
Value 138: 31 occurrences (1.62%)
Value 139: 20 occurrences (1.05%)
Value 140: 4 occurrences (0.21%)
Value 141: 4 occurrences (0.21%)
Value 142: 4 occurrences (0.21%)
Value 143: 4 occurrences (0.21%)
Value 144: 4 occurrences (0.21%)
Value 145: 4 occurrences (0.21%)
Value 146: 4 occurrences (0.21%)
Value 147: 4 occurrences (0.21%)
Value 148: 4 occurrences (0.21%)
Value 149: 4 occurrences (0.21%)
Value 150: 4 occurrences (0.21%)
Value 151: 4 occurrences (0.21%)
Value 152: 4 occurrences (0.21%)
Value 153: 4 occurrences (0.21%)
Value 154: 4 occurrences (0.21%)
Value 155: 4 occurrences (0.21%)
Value 156: 4 occurrences (0.21%)
Value 157: 4 occurrences (0.21%)
Value 158: 5 occurrences (0.26%)
Value 159: 4 occurrences (0.21%)
Value 160: 4 occurrences (0.21%)
Value 161: 4 occurrences (0.21%)
Value 162: 4 occurrences (0.21%)
Value 163: 4 occurrences (0.21%)
Value 164: 4 occurrences (0.21%)
Value 165: 4 occurrences (0.21%)
Value 166: 4 occurrences (0.21%)
Value 167: 4 occurrences (0.21%)
Value 168: 4 occurrences (0.21%)
Value 169: 4 occurrences (0.21%)
Value 170: 31 occurrences (1.62%)
Value 171: 11 occurrences (0.58%)
Value 172: 4 occurrences (0.21%)
Value 173: 4 occurrences (0.21%)
Value 174: 4 occurrences (0.21%)
Value 175: 4 occurrences (0.21%)
Value 176: 4 occurrences (0.21%)
Value 177: 241 occurrences (12.62%)
Value 178: 28 occurrences (1.47%)
Value 179: 22 occurrences (1.15%)
Value 180: 3 occurrences (0.16%)
Value 181: 3 occurrences (0.16%)
Value 182: 4 occurrences (0.21%)
Value 183: 3 occurrences (0.16%)
Value 184: 7 occurrences (0.37%)
Value 185: 4 occurrences (0.21%)
Value 186: 3 occurrences (0.16%)
Value 187: 4 occurrences (0.21%)
Value 188: 3 occurrences (0.16%)
Value 189: 4 occurrences (0.21%)
Value 190: 3 occurrences (0.16%)
Value 191: 4 occurrences (0.21%)
Value 192: 4 occurrences (0.21%)
Value 193: 4 occurrences (0.21%)
Value 194: 4 occurrences (0.21%)
Value 195: 4 occurrences (0.21%)
Value 196: 4 occurrences (0.21%)
Value 197: 4 occurrences (0.21%)
Value 198: 5 occurrences (0.26%)
Value 199: 4 occurrences (0.21%)
Value 200: 4 occurrences (0.21%)
Value 201: 4 occurrences (0.21%)
Value 202: 4 occurrences (0.21%)
Value 203: 3 occurrences (0.16%)
Value 204: 4 occurrences (0.21%)
Value 205: 3 occurrences (0.16%)
Value 206: 4 occurrences (0.21%)
Value 207: 3 occurrences (0.16%)
Value 208: 4 occurrences (0.21%)
Value 209: 3 occurrences (0.16%)
Value 210: 29 occurrences (1.52%)
Value 211: 3 occurrences (0.16%)
Value 212: 3 occurrences (0.16%)
Value 213: 4 occurrences (0.21%)
Value 214: 3 occurrences (0.16%)
Value 215: 4 occurrences (0.21%)
Value 216: 4 occurrences (0.21%)
Value 217: 4 occurrences (0.21%)
Value 218: 4 occurrences (0.21%)
Value 219: 4 occurrences (0.21%)
Value 220: 4 occurrences (0.21%)
Value 221: 4 occurrences (0.21%)
Value 222: 4 occurrences (0.21%)
Value 223: 4 occurrences (0.21%)
Value 224: 4 occurrences (0.21%)
Value 225: 4 occurrences (0.21%)
Value 226: 4 occurrences (0.21%)
Value 227: 4 occurrences (0.21%)
Value 228: 4 occurrences (0.21%)
Value 229: 4 occurrences (0.21%)
Value 230: 5 occurrences (0.26%)
Value 231: 4 occurrences (0.21%)
Value 232: 4 occurrences (0.21%)
Value 233: 4 occurrences (0.21%)
Value 234: 4 occurrences (0.21%)
Value 235: 4 occurrences (0.21%)
Value 236: 4 occurrences (0.21%)
Value 237: 4 occurrences (0.21%)
Value 238: 4 occurrences (0.21%)
Value 239: 4 occurrences (0.21%)
Value 240: 4 occurrences (0.21%)
Value 241: 3 occurrences (0.16%)
Value 242: 112 occurrences (5.86%)
Value 243: 32 occurrences (1.68%)
Value 244: 32 occurrences (1.68%)
Value 245: 32 occurrences (1.68%)
Value 246: 31 occurrences (1.62%)
Value 247: 32 occurrences (1.68%)
Value 248: 27 occurrences (1.41%)
Value 249: 32 occurrences (1.68%)
Value 250: 32 occurrences (1.68%)
Value 251: 32 occurrences (1.68%)
Value 252: 32 occurrences (1.68%)
Value 253: 25 occurrences (1.31%)
Value 254: 29 occurrences (1.52%)
Value 255: 32 occurrences (1.68%)

--------------------------------------------------
MOST COMMON VALUES:
--------------------------------------------------
Value 177: 241 occurrences (12.62%)
Value 242: 112 occurrences (5.86%)
Value 18: 63 occurrences (3.30%)
Value 0: 46 occurrences (2.41%)
Value 243: 32 occurrences (1.68%)
Value 244: 32 occurrences (1.68%)
Value 245: 32 occurrences (1.68%)
Value 247: 32 occurrences (1.68%)
Value 249: 32 occurrences (1.68%)
Value 250: 32 occurrences (1.68%)
