130
130
130
130
130
130
130
130
130
130
130
130
130
130
130
130
130
130
130
130
130
164
164
164
164
195
195
195
195
195
195
195
195
195
195
195
195
195
195
195
195
195
195
195
195
226
226
226
226
226
226
226
226
226
226
226
226
226
226
226
226
226
226
226
226
226
226
226
226
226
226
226
226
226
226
226
226
226
226
226
226
226
226
226
226
226
226
226
226
226
226
226
226
226
226
226
226
226
226
226
226
226
226
226
226
226
226
226
226
226
226
226
226
226
226
226
226
226
226
226
226
226
226
226
226
226
226
226
226
226
226
226
226
226
226
226
226
226
226
226
226
226
226
226
226
226
226
226
226
226
226
226
226
226
226
226
226
226
226
226
226
226
226
226
226
226
226
226
226
226
226
226
226
226
226
226
226
226
226
226
226
226
226
226
226
226
226
226
226
226
226
226
226
226
1
1
1
1
1
1
1
1
1
1
1
32
32
32
32
63
63
63
63
63
63
63
63
63
63
63
63
63
63
63
63
63
63
63
63
63
63
63
63
63
63
63
63
63
63
63
63
63
63
63
63
63
63
63
63
63
63
63
96
0
0
0
0
0
0
0
96
96
96
96
96
96
96
96
96
96
96
96
96
96
96
96
96
96
96
96
96
96
96
96
96
96
96
96
96
96
96
96
96
96
96
96
96
96
96
96
96
96
96
96
96
96
96
96
96
96
96
96
96
96
96
96
96
96
96
96
96
96
96
96
96
96
96
96
96
96
96
96
96
96
96
96
96
96
96
96
96
96
96
96
96
96
96
96
96
96
96
96
96
96
96
96
96
96
96
96
96
96
96
96
96
96
96
96
96
96
96
96
96
96
96
96
96
96
96
96
96
96
96
96
96
96
96
96
96
96
96
96
96
96
96
96
96
96
96
96
96
96
96
96
96
96
96
96
96
96
96
96
96
96
96
96
96
96
96
96
96
96
96
96
96
96
96
96
96
96
96
96
96
96
96
96
96
96
96
96
96
96
96
96
96
96
96
96
96
96
96
96
96
96
96
96
96
96
96
96
96
128
128
128
128
128
163
163
163
163
163
200
200
200
200
200
232
232
232
232
232
232
232
8
8
8
8
8
8
8
8
8
8
8
8
8
8
8
8
8
8
8
8
40
40
40
40
104
104
104
104
104
104
104
104
104
104
104
104
104
135
135
135
135
168
168
168
168
168
168
168
168
168
168
168
168
168
168
168
168
168
168
168
168
168
168
168
168
168
168
168
168
168
168
168
168
168
168
168
168
168
168
168
168
168
168
168
168
168
168
168
168
168
168
168
168
168
168
168
168
168
168
168
168
168
168
168
168
168
168
168
168
168
168
168
168
168
168
168
168
168
168
168
168
168
168
168
168
168
168
168
168
168
168
168
168
168
168
168
168
168
168
168
168
168
168
168
168
168
168
168
168
168
168
168
168
168
168
168
168
168
168
168
168
168
168
168
168
168
168
168
168
168
168
168
168
168
168
168
168
168
168
168
168
201
201
201
201
232
232
232
232
232
232
232
232
232
232
232
232
232
232
232
232
232
232
232
232
232
232
232
232
232
232
232
232
232
232
232
232
232
232
232
232
232
232
232
232
232
232
232
232
232
232
232
232
232
232
232
232
232
232
232
232
232
232
232
232
232
232
232
232
232
232
232
232
232
232
232
232
232
232
232
232
232
232
232
232
232
232
232
232
232
232
232
232
232
232
232
232
232
232
232
232
232
232
232
232
232
232
232
232
232
232
232
232
232
232
232
232
232
232
232
232
232
232
232
232
232
232
232
232
232
232
232
232
232
232
232
232
232
232
232
232
232
232
232
232
232
232
232
232
232
3
0
0
0
0
0
0
0
3
3
3
3
3
3
3
3
3
3
3
3
3
3
3
3
3
3
3
3
3
3
3
3
3
3
3
3
3
3
3
3
3
3
3
3
3
3
3
3
3
3
3
3
3
3
3
3
3
3
3
3
3
3
3
3
3
3
3
3
3
3
34
34
34
34
34
34
70
70
70
70
105
105
105
105
136
136
136
136
161
161
161
161
184
184
184
184
206
206
206
206
237
237
237
237
12
12
12
12
12
43
43
43
43
43
43
43
74
74
74
74
74
74
105
105
105
105
105
105
136
136
136
136
167
167
167
167
167
198
198
198
198
198
198
198
198
198
198
229
229
229
229
229
229
229
229
229
229
229
229
229
229
229
229
4
4
4
4
4
4
4
4
4
35
35
35
35
35
35
35
35
66
66
66
66
66
66
66
66
66
66
97
97
97
97
97
97
128
128
128
128
128
128
159
159
159
159
159
159
191
191
191
191
191
191
191
191
191
191
191
191
223
223
223
223
223
223
223
223
223
255
255
255
255
255
255
255
31
31
31
31
31
31
31
31
31
31
57
57
57
57
57
57
57
57
57
89
89
89
89
89
89
89
89
121
121
121
121
121
121
121
121
121
121
121
154
154
154
154
154
154
154
154
154
154
154
187
187
187
187
187
187
220
220
220
220
220
220
220
220
220
220
253
30
30
30
30
30
30
30
30
30
30
63
63
63
63
63
63
96
96
96
96
96
96
96
96
96
96
129
129
129
129
129
129
162
162
162
162
162
162
162
162
162
162
195
195
195
195
195
195
228
228
228
228
228
228
228
228
228
5
5
5
5
5
5
5
38
38
38
38
71
71
71
71
71
71
71
71
71
71
71
104
104
104
104
104
104
104
104
104
137
137
137
137
137
137
137
137
137
137
170
170
170
170
170
170
203
203
203
203
203
203
203
203
203
203
236
236
236
236
236
236
236
236
236
236
13
13
13
13
13
13
13
13
13
13
13
46
46
46
46
46
79
79
79
79
79
79
79
79
79
79
79
112
112
112
112
112
178
178
178
178
178
178
211
211
211
211
211
211
211
211
211
211
244
244
244
244
244
244
21
21
21
21
21
21
21
21
21
21
54
54
54
54
54
54
87
87
87
87
87
87
87
87
87
87
120
120
120
120
120
120
120
120
120
120
153
153
153
153
153
153
153
153
153
153
153
186
186
186
186
186
219
219
219
219
219
219
219
219
219
219
252
252
252
252
252
252
252
252
252
252
29
29
29
29
29
29
29
29
29
29
29
29
29
29
29
29
29
29
29
29
29
29
29
29
29
29
29
29
29
29
29
29
29
29
29
29
29
29
29
29
29
29
29
29
29
29
29
29
29
29
29
29
29
29
29
29
29
29
29
29
29
29
29
29
29
29
29
29
29
29
29
29
29
29
29
29
29
29
29
29
29
29
29
29
29
29
29
29
29
29
29
62
93
93
93
93
93
93
93
93
93
93
93
93
93
93
93
93
93
93
93
93
93
93
93
124
124
124
124
155
155
155
155
180
180
180
180
180
180
201
201
201
201
201
201
232
232
232
232
232
7
7
7
7
7
38
38
38
38
38
38
69
69
69
69
69
100
100
100
100
100
100
100
100
100
100
100
100
100
100
100
100
100
100
100
100
100
100
100
100
100
100
131
131
131
131
162
162
162
162
162
162
162
162
162
162
162
162
162
162
162
162
162
162
162
162
162
162
162
162
162
162
162
162
162
162
162
162
162
162
162
162
162
162
162
162
162
162
162
162
162
162
162
162
162
162
162
162
162
162
162
162
162
162
195
195
195
195
195
195
195
195
195
226
226
226
226
226
226
226
226
226
226
226
226
226
226
226
226
226
226
226
226
226
226
226
226
226
226
226
226
226
226
226
226
3
3
3
3
36
36
36
36
69
69
69
69
69
69
69
69
69
69
69
69
69
69
69
69
69
69
69
69
69
69
69
69
69
69
101
133
133
133
133
133
133
133
133
133
133
133
133
133
133
133
133
133
133
133
133
133
133
133
133
133
133
226
226
226
226
226
2
2
2
2
34
34
34
34
34
34
34
34
34
34
34
34
34
34
34
34
34
34
34
34
34
34
34
34
34
34
34
67
67
67
67
67
67
67
67
100
100
100
100
100
100
100
100
100
100
100
100
100
100
100
100
100
100
100
100
100
100
100
100
100
100
100
100
100
100
100
100
100
100
100
100
100
100
100
100
100
100
100
131
131
131
131
131
131
131
131
131
131
131
131
131
131
131
131
131
131
131
131
131
131
131
131
131
131
131
131
131
131
131
131
131
131
131
131
131
131
131
131
131
131
131
131
131
131
131
131
131
131
131
131
131
131
131
131
131
131
131
131
131
131
131
131
131
131
131
131
131
131
131
131
131
131
131
131
131
131
131
162
162
162
162
162
191
191
191
191
191
191
191
221
221
221
221
251
251
25
25
25
25
55
55
55
55
55
55
85
85
85
85
85

--------------------------------------------------
FREQUENCY COUNTS:
--------------------------------------------------
Value 0: 14 occurrences (0.73%)
Value 1: 11 occurrences (0.58%)
Value 2: 4 occurrences (0.21%)
Value 3: 67 occurrences (3.51%)
Value 4: 9 occurrences (0.47%)
Value 5: 7 occurrences (0.37%)
Value 7: 5 occurrences (0.26%)
Value 8: 20 occurrences (1.05%)
Value 12: 5 occurrences (0.26%)
Value 13: 11 occurrences (0.58%)
Value 21: 10 occurrences (0.52%)
Value 25: 4 occurrences (0.21%)
Value 29: 91 occurrences (4.76%)
Value 30: 10 occurrences (0.52%)
Value 31: 10 occurrences (0.52%)
Value 32: 4 occurrences (0.21%)
Value 34: 33 occurrences (1.73%)
Value 35: 8 occurrences (0.42%)
Value 36: 4 occurrences (0.21%)
Value 38: 10 occurrences (0.52%)
Value 40: 4 occurrences (0.21%)
Value 43: 7 occurrences (0.37%)
Value 46: 5 occurrences (0.26%)
Value 54: 6 occurrences (0.31%)
Value 55: 6 occurrences (0.31%)
Value 57: 9 occurrences (0.47%)
Value 62: 1 occurrences (0.05%)
Value 63: 49 occurrences (2.57%)
Value 66: 10 occurrences (0.52%)
Value 67: 8 occurrences (0.42%)
Value 69: 31 occurrences (1.62%)
Value 70: 4 occurrences (0.21%)
Value 71: 11 occurrences (0.58%)
Value 74: 6 occurrences (0.31%)
Value 79: 11 occurrences (0.58%)
Value 85: 5 occurrences (0.26%)
Value 87: 10 occurrences (0.52%)
Value 89: 8 occurrences (0.42%)
Value 93: 23 occurrences (1.20%)
Value 96: 212 occurrences (11.10%)
Value 97: 6 occurrences (0.31%)
Value 100: 69 occurrences (3.61%)
Value 101: 1 occurrences (0.05%)
Value 104: 22 occurrences (1.15%)
Value 105: 10 occurrences (0.52%)
Value 112: 5 occurrences (0.26%)
Value 120: 10 occurrences (0.52%)
Value 121: 11 occurrences (0.58%)
Value 124: 4 occurrences (0.21%)
Value 128: 11 occurrences (0.58%)
Value 129: 6 occurrences (0.31%)
Value 130: 21 occurrences (1.10%)
Value 131: 83 occurrences (4.35%)
Value 133: 26 occurrences (1.36%)
Value 135: 4 occurrences (0.21%)
Value 136: 8 occurrences (0.42%)
Value 137: 10 occurrences (0.52%)
Value 153: 11 occurrences (0.58%)
Value 154: 11 occurrences (0.58%)
Value 155: 4 occurrences (0.21%)
Value 159: 6 occurrences (0.31%)
Value 161: 4 occurrences (0.21%)
Value 162: 73 occurrences (3.82%)
Value 163: 5 occurrences (0.26%)
Value 164: 4 occurrences (0.21%)
Value 167: 5 occurrences (0.26%)
Value 168: 140 occurrences (7.33%)
Value 170: 6 occurrences (0.31%)
Value 178: 6 occurrences (0.31%)
Value 180: 6 occurrences (0.31%)
Value 184: 4 occurrences (0.21%)
Value 186: 5 occurrences (0.26%)
Value 187: 6 occurrences (0.31%)
Value 191: 19 occurrences (0.99%)
Value 195: 35 occurrences (1.83%)
Value 198: 10 occurrences (0.52%)
Value 200: 5 occurrences (0.26%)
Value 201: 10 occurrences (0.52%)
Value 203: 10 occurrences (0.52%)
Value 206: 4 occurrences (0.21%)
Value 211: 10 occurrences (0.52%)
Value 219: 10 occurrences (0.52%)
Value 220: 10 occurrences (0.52%)
Value 221: 4 occurrences (0.21%)
Value 223: 9 occurrences (0.47%)
Value 226: 186 occurrences (9.74%)
Value 228: 9 occurrences (0.47%)
Value 229: 16 occurrences (0.84%)
Value 232: 157 occurrences (8.22%)
Value 236: 10 occurrences (0.52%)
Value 237: 4 occurrences (0.21%)
Value 244: 6 occurrences (0.31%)
Value 251: 2 occurrences (0.10%)
Value 252: 10 occurrences (0.52%)
Value 253: 1 occurrences (0.05%)
Value 255: 7 occurrences (0.37%)

--------------------------------------------------
MOST COMMON VALUES:
--------------------------------------------------
Value 96: 212 occurrences (11.10%)
Value 226: 186 occurrences (9.74%)
Value 232: 157 occurrences (8.22%)
Value 168: 140 occurrences (7.33%)
Value 29: 91 occurrences (4.76%)
Value 131: 83 occurrences (4.35%)
Value 162: 73 occurrences (3.82%)
Value 100: 69 occurrences (3.61%)
Value 3: 67 occurrences (3.51%)
Value 63: 49 occurrences (2.57%)
