184
184
184
184
184
184
184
184
184
184
184
184
184
184
184
184
184
184
184
184
184
184
188
196
196
205
205
205
205
205
205
205
205
205
205
205
205
205
205
205
205
205
205
205
205
215
215
215
215
215
215
215
215
215
215
215
215
215
215
215
215
215
215
215
215
215
215
215
215
215
215
215
215
215
215
215
215
215
215
215
215
215
215
215
215
215
215
215
215
215
215
215
215
215
215
215
215
215
215
215
215
215
215
215
215
215
215
215
215
215
215
215
215
215
215
215
215
215
215
215
215
215
215
215
215
215
215
215
215
215
215
215
215
215
215
215
215
215
215
215
215
215
215
215
215
215
215
215
215
215
215
215
215
215
215
215
215
215
215
215
215
215
215
215
215
215
215
215
215
215
215
215
215
215
215
215
215
215
215
215
215
215
215
215
215
215
215
215
215
215
215
215
215
215
215
224
224
232
232
232
232
232
232
232
232
242
242
242
242
252
252
252
252
252
252
252
252
252
252
252
252
252
252
252
252
252
252
252
252
252
252
252
252
252
252
252
252
252
252
252
252
252
252
252
252
252
252
252
252
252
252
252
252
0
0
0
0
0
0
0
252
252
252
252
252
252
252
252
252
252
252
252
252
252
252
252
252
252
252
252
252
252
252
252
252
252
252
252
252
252
252
252
252
252
252
252
252
252
252
252
252
252
252
252
252
252
252
252
252
252
252
252
252
252
252
252
252
252
252
252
252
252
252
252
252
252
252
252
252
252
252
252
252
252
252
252
252
252
252
252
252
252
252
252
252
252
252
252
252
252
252
252
252
252
252
252
252
252
252
252
252
252
252
252
252
252
252
252
252
252
252
252
252
252
252
252
252
252
252
252
252
252
252
252
252
252
252
252
252
252
252
252
252
252
252
252
252
252
252
252
252
252
252
252
252
252
252
252
252
252
252
252
252
252
252
252
252
252
252
252
252
252
252
252
252
252
252
252
252
252
252
252
252
252
252
252
252
252
252
252
252
252
252
252
252
252
252
252
252
252
252
252
252
252
252
252
252
252
252
252
252
2
2
2
2
2
10
10
19
19
28
37
46
46
46
46
58
73
88
88
88
88
88
103
103
117
117
117
117
117
117
117
117
117
117
117
117
117
117
117
117
117
117
131
131
144
144
170
170
170
170
170
170
170
170
170
170
170
170
170
182
182
182
182
192
192
192
192
192
192
192
192
192
192
192
192
192
192
192
192
192
192
192
192
192
192
192
192
192
192
192
192
192
192
192
192
192
192
192
192
192
192
192
192
192
192
192
192
192
192
192
192
192
192
192
192
192
192
192
192
192
192
192
192
192
192
192
192
192
192
192
192
192
192
192
192
192
192
192
192
192
192
192
192
192
192
192
192
192
192
192
192
192
192
192
192
192
192
192
192
192
192
192
192
192
192
192
192
192
192
192
192
192
192
192
192
192
192
192
192
192
192
192
192
192
192
192
192
192
192
192
192
192
192
192
192
192
192
192
192
192
192
192
192
192
206
206
206
219
219
219
219
219
219
219
219
219
219
219
219
219
219
219
219
219
219
219
219
219
219
219
219
219
219
219
219
219
219
219
219
219
219
219
219
219
219
219
219
219
219
219
219
219
219
219
219
219
219
219
219
219
219
219
219
219
219
219
219
219
219
219
219
219
219
219
219
219
219
219
219
219
219
219
219
219
219
219
219
219
219
219
219
219
219
219
219
219
219
219
219
219
219
219
219
219
219
219
219
219
219
219
219
219
219
219
219
219
219
219
219
219
219
219
219
219
219
219
219
219
219
219
219
219
219
219
219
219
219
219
219
219
219
219
219
219
219
219
219
219
219
219
219
219
219
0
0
0
0
0
0
0
219
219
219
219
219
219
219
219
219
219
219
219
219
219
219
219
219
219
219
219
219
219
219
219
219
219
219
219
219
219
219
219
219
219
219
219
219
219
219
219
219
219
219
219
219
219
219
219
219
219
219
219
219
219
219
219
219
219
219
219
219
224
224
224
224
224
224
233
242
242
251
4
13
28
28
43
58
58
73
79
79
91
91
110
133
133
144
149
164
177
191
204
218
233
233
246
253
23
35
35
47
78
88
100
100
100
100
113
126
140
140
140
140
153
167
167
167
167
167
179
179
179
179
192
192
192
192
192
206
216
229
229
229
229
229
229
229
229
244
244
244
244
244
244
244
244
244
244
244
244
244
244
244
244
2
12
27
27
27
27
27
27
27
41
56
56
56
56
56
56
56
71
79
94
94
94
94
94
94
94
94
108
108
122
130
145
145
160
160
160
160
160
160
174
174
174
174
174
174
187
191
198
205
209
209
209
209
209
209
209
209
223
236
236
236
236
236
236
236
236
251
251
10
10
10
10
10
22
24
35
50
50
50
50
50
50
50
57
68
81
81
81
81
81
81
81
95
95
109
109
109
109
109
109
123
125
130
135
150
150
150
150
150
150
150
165
181
181
181
181
181
181
181
181
181
181
196
196
196
196
196
196
213
213
232
232
232
232
232
232
232
232
232
9
12
25
25
25
25
25
25
25
25
40
40
40
40
40
40
57
68
68
68
68
68
68
68
68
68
83
83
83
83
83
83
100
111
111
111
111
111
111
111
111
111
126
126
126
126
126
126
143
148
165
165
165
165
165
165
165
182
182
182
182
182
182
182
199
199
199
199
213
213
221
234
234
234
234
234
234
234
234
249
249
249
249
249
249
249
249
249
5
12
28
28
28
28
28
28
28
28
43
43
43
43
43
43
56
61
78
78
78
78
78
78
78
78
93
93
93
93
93
93
93
93
93
93
107
111
117
140
140
140
140
140
140
140
140
157
157
173
173
173
187
187
211
226
226
226
226
226
226
226
226
243
243
243
243
243
2
46
46
46
46
46
61
75
75
75
75
75
75
75
75
75
90
90
90
90
90
90
105
105
118
118
118
118
118
118
118
118
133
133
133
133
133
133
148
158
174
174
174
174
174
174
174
174
189
189
189
189
189
189
189
189
189
189
204
207
220
220
220
220
220
220
220
220
220
237
237
237
237
237
254
9
9
9
9
9
9
9
9
9
24
24
24
24
24
24
24
24
24
24
38
38
38
38
38
38
38
38
38
38
38
38
38
38
38
38
38
38
38
38
38
38
38
38
38
38
38
38
38
38
38
38
38
38
38
38
38
38
38
38
38
38
38
38
38
38
38
38
38
38
38
38
38
38
38
38
38
38
38
38
38
38
38
38
38
38
38
38
38
38
38
38
38
38
38
38
38
38
38
38
38
38
38
38
38
38
38
38
38
38
38
38
38
52
52
52
52
52
52
52
52
52
52
52
52
52
52
52
52
52
52
52
52
52
52
52
66
66
66
81
94
94
94
109
125
125
145
145
145
145
151
151
151
151
151
151
166
177
177
177
177
192
192
192
192
192
207
232
232
232
232
232
247
4
4
4
4
19
19
19
19
19
19
19
19
19
19
19
19
19
19
19
19
19
19
19
19
19
19
19
19
19
33
33
33
33
46
46
46
46
46
46
46
46
46
46
46
46
46
46
46
46
46
46
46
46
46
46
46
46
46
46
46
46
46
46
46
46
46
46
46
46
46
46
46
46
46
46
46
46
46
46
46
46
46
46
46
46
46
46
46
46
46
46
46
59
59
59
59
59
59
59
59
72
72
72
72
72
72
72
72
72
72
72
72
72
72
72
72
72
72
72
72
72
72
72
72
72
72
72
72
72
72
72
72
72
84
99
99
99
114
114
114
114
127
127
127
127
127
127
127
127
127
127
127
127
127
127
127
127
127
127
127
127
127
127
127
127
127
127
152
164
177
177
177
177
177
177
177
177
177
177
177
177
177
177
177
177
177
177
177
177
177
177
177
177
177
245
245
245
245
2
2
2
2
15
25
40
40
40
40
40
40
40
40
40
40
40
40
40
40
40
40
40
40
40
40
40
40
40
40
40
53
53
53
53
53
53
53
53
65
65
65
65
65
65
65
65
65
65
65
65
65
65
65
65
65
65
65
65
65
65
65
65
65
65
65
65
65
65
65
65
65
65
65
65
65
65
65
65
65
65
65
65
77
77
89
89
89
89
89
89
89
89
89
89
89
89
89
89
89
89
89
89
89
89
89
89
89
89
89
89
89
89
89
89
89
89
89
89
89
89
89
89
89
89
89
89
89
89
89
89
89
89
89
89
89
89
89
89
89
89
89
89
89
89
89
89
89
89
89
89
89
89
89
89
89
89
89
89
89
89
89
89
89
107
107
121
121
135
135
135
135
135
148
148
148
148
163
172
200
215
215
215
228
231
238
249
11
11
25
25
25
25
25
25

--------------------------------------------------
FREQUENCY COUNTS:
--------------------------------------------------
Value 0: 14 occurrences (0.73%)
Value 2: 11 occurrences (0.58%)
Value 4: 5 occurrences (0.26%)
Value 5: 1 occurrences (0.05%)
Value 9: 10 occurrences (0.52%)
Value 10: 7 occurrences (0.37%)
Value 11: 2 occurrences (0.10%)
Value 12: 3 occurrences (0.16%)
Value 13: 1 occurrences (0.05%)
Value 15: 1 occurrences (0.05%)
Value 19: 27 occurrences (1.41%)
Value 22: 1 occurrences (0.05%)
Value 23: 1 occurrences (0.05%)
Value 24: 11 occurrences (0.58%)
Value 25: 15 occurrences (0.79%)
Value 27: 7 occurrences (0.37%)
Value 28: 11 occurrences (0.58%)
Value 33: 4 occurrences (0.21%)
Value 35: 3 occurrences (0.16%)
Value 37: 1 occurrences (0.05%)
Value 38: 93 occurrences (4.87%)
Value 40: 31 occurrences (1.62%)
Value 41: 1 occurrences (0.05%)
Value 43: 7 occurrences (0.37%)
Value 46: 68 occurrences (3.56%)
Value 47: 1 occurrences (0.05%)
Value 50: 7 occurrences (0.37%)
Value 52: 23 occurrences (1.20%)
Value 53: 8 occurrences (0.42%)
Value 56: 8 occurrences (0.42%)
Value 57: 2 occurrences (0.10%)
Value 58: 3 occurrences (0.16%)
Value 59: 8 occurrences (0.42%)
Value 61: 2 occurrences (0.10%)
Value 65: 44 occurrences (2.30%)
Value 66: 3 occurrences (0.16%)
Value 68: 10 occurrences (0.52%)
Value 71: 1 occurrences (0.05%)
Value 72: 33 occurrences (1.73%)
Value 73: 2 occurrences (0.10%)
Value 75: 9 occurrences (0.47%)
Value 77: 2 occurrences (0.10%)
Value 78: 9 occurrences (0.47%)
Value 79: 3 occurrences (0.16%)
Value 81: 8 occurrences (0.42%)
Value 83: 6 occurrences (0.31%)
Value 84: 1 occurrences (0.05%)
Value 88: 6 occurrences (0.31%)
Value 89: 79 occurrences (4.14%)
Value 90: 6 occurrences (0.31%)
Value 91: 2 occurrences (0.10%)
Value 93: 10 occurrences (0.52%)
Value 94: 11 occurrences (0.58%)
Value 95: 2 occurrences (0.10%)
Value 99: 3 occurrences (0.16%)
Value 100: 5 occurrences (0.26%)
Value 103: 2 occurrences (0.10%)
Value 105: 2 occurrences (0.10%)
Value 107: 3 occurrences (0.16%)
Value 108: 2 occurrences (0.10%)
Value 109: 7 occurrences (0.37%)
Value 110: 1 occurrences (0.05%)
Value 111: 10 occurrences (0.52%)
Value 113: 1 occurrences (0.05%)
Value 114: 4 occurrences (0.21%)
Value 117: 19 occurrences (0.99%)
Value 118: 8 occurrences (0.42%)
Value 121: 2 occurrences (0.10%)
Value 122: 1 occurrences (0.05%)
Value 123: 1 occurrences (0.05%)
Value 125: 3 occurrences (0.16%)
Value 126: 7 occurrences (0.37%)
Value 127: 26 occurrences (1.36%)
Value 130: 2 occurrences (0.10%)
Value 131: 2 occurrences (0.10%)
Value 133: 8 occurrences (0.42%)
Value 135: 6 occurrences (0.31%)
Value 140: 12 occurrences (0.63%)
Value 143: 1 occurrences (0.05%)
Value 144: 3 occurrences (0.16%)
Value 145: 6 occurrences (0.31%)
Value 148: 6 occurrences (0.31%)
Value 149: 1 occurrences (0.05%)
Value 150: 7 occurrences (0.37%)
Value 151: 6 occurrences (0.31%)
Value 152: 1 occurrences (0.05%)
Value 153: 1 occurrences (0.05%)
Value 157: 2 occurrences (0.10%)
Value 158: 1 occurrences (0.05%)
Value 160: 6 occurrences (0.31%)
Value 163: 1 occurrences (0.05%)
Value 164: 2 occurrences (0.10%)
Value 165: 8 occurrences (0.42%)
Value 166: 1 occurrences (0.05%)
Value 167: 5 occurrences (0.26%)
Value 170: 13 occurrences (0.68%)
Value 172: 1 occurrences (0.05%)
Value 173: 3 occurrences (0.16%)
Value 174: 14 occurrences (0.73%)
Value 177: 30 occurrences (1.57%)
Value 179: 4 occurrences (0.21%)
Value 181: 10 occurrences (0.52%)
Value 182: 11 occurrences (0.58%)
Value 184: 22 occurrences (1.15%)
Value 187: 3 occurrences (0.16%)
Value 188: 1 occurrences (0.05%)
Value 189: 10 occurrences (0.52%)
Value 191: 2 occurrences (0.10%)
Value 192: 151 occurrences (7.91%)
Value 196: 8 occurrences (0.42%)
Value 198: 1 occurrences (0.05%)
Value 199: 4 occurrences (0.21%)
Value 200: 1 occurrences (0.05%)
Value 204: 2 occurrences (0.10%)
Value 205: 21 occurrences (1.10%)
Value 206: 4 occurrences (0.21%)
Value 207: 2 occurrences (0.10%)
Value 209: 8 occurrences (0.42%)
Value 211: 1 occurrences (0.05%)
Value 213: 4 occurrences (0.21%)
Value 215: 153 occurrences (8.01%)
Value 216: 1 occurrences (0.05%)
Value 218: 1 occurrences (0.05%)
Value 219: 207 occurrences (10.84%)
Value 220: 9 occurrences (0.47%)
Value 221: 1 occurrences (0.05%)
Value 223: 1 occurrences (0.05%)
Value 224: 8 occurrences (0.42%)
Value 226: 8 occurrences (0.42%)
Value 228: 1 occurrences (0.05%)
Value 229: 8 occurrences (0.42%)
Value 231: 1 occurrences (0.05%)
Value 232: 22 occurrences (1.15%)
Value 233: 3 occurrences (0.16%)
Value 234: 8 occurrences (0.42%)
Value 236: 8 occurrences (0.42%)
Value 237: 5 occurrences (0.26%)
Value 238: 1 occurrences (0.05%)
Value 242: 6 occurrences (0.31%)
Value 243: 5 occurrences (0.26%)
Value 244: 16 occurrences (0.84%)
Value 245: 4 occurrences (0.21%)
Value 246: 1 occurrences (0.05%)
Value 247: 1 occurrences (0.05%)
Value 249: 10 occurrences (0.52%)
Value 251: 3 occurrences (0.16%)
Value 252: 245 occurrences (12.83%)
Value 253: 1 occurrences (0.05%)
Value 254: 1 occurrences (0.05%)

--------------------------------------------------
MOST COMMON VALUES:
--------------------------------------------------
Value 252: 245 occurrences (12.83%)
Value 219: 207 occurrences (10.84%)
Value 215: 153 occurrences (8.01%)
Value 192: 151 occurrences (7.91%)
Value 38: 93 occurrences (4.87%)
Value 89: 79 occurrences (4.14%)
Value 46: 68 occurrences (3.56%)
Value 65: 44 occurrences (2.30%)
Value 72: 33 occurrences (1.73%)
Value 40: 31 occurrences (1.62%)
