130
130
130
130
130
130
130
130
130
130
130
130
130
130
130
130
130
130
130
130
130
130
130
130
130
131
131
131
131
131
131
131
131
131
131
131
131
131
131
131
131
131
131
131
131
131
131
131
131
131
131
131
131
131
131
131
131
131
131
131
131
131
131
131
131
131
131
131
131
131
131
131
131
131
131
131
131
131
131
131
131
131
131
131
131
131
131
131
131
131
131
131
131
131
131
131
131
131
131
131
131
131
131
131
131
131
131
131
131
131
131
131
131
131
131
131
131
131
131
131
131
131
131
131
131
131
131
131
131
131
131
131
131
131
131
131
131
131
131
131
131
131
131
131
131
131
131
131
131
131
131
131
131
131
131
131
131
131
131
131
131
131
131
131
131
131
131
131
131
131
131
131
131
131
131
131
131
131
131
131
131
131
131
131
131
131
131
131
131
131
131
131
131
131
132
132
132
133
133
133
133
133
133
133
133
133
133
133
133
134
134
134
134
134
134
134
134
134
134
134
134
134
134
134
134
134
134
134
134
134
134
134
134
134
134
134
134
134
134
134
134
134
134
134
134
134
134
134
134
134
134
134
134
0
0
0
0
0
0
0
134
134
134
134
134
134
134
134
134
134
134
134
134
134
134
134
134
134
134
134
134
134
134
134
134
134
134
134
134
134
134
134
134
134
134
134
134
134
134
134
134
134
134
134
134
134
134
134
134
134
134
134
134
134
134
134
134
134
134
134
134
134
134
134
134
134
134
134
134
134
134
134
134
134
134
134
134
134
134
134
134
134
134
134
134
134
134
134
134
134
134
134
134
134
134
134
134
134
134
134
134
134
134
134
134
134
134
134
134
134
134
134
134
134
134
134
134
134
134
134
134
134
134
134
134
134
134
134
134
134
134
134
134
134
134
134
134
134
134
134
134
134
134
134
134
134
134
134
134
134
134
134
134
134
134
134
134
134
134
134
134
134
134
134
134
134
134
134
134
134
134
134
134
134
134
134
134
134
134
134
134
134
134
134
134
134
134
134
134
134
134
134
134
134
134
134
134
134
134
134
134
135
135
135
135
135
135
135
135
135
136
136
136
136
136
136
137
138
139
139
139
139
139
140
140
140
140
140
140
140
140
140
140
140
140
140
140
140
140
140
140
140
140
141
141
142
142
144
144
144
144
144
144
144
144
144
144
144
144
144
144
144
144
144
145
145
145
145
145
145
145
145
145
145
145
145
145
145
145
145
145
145
145
145
145
145
145
145
145
145
145
145
145
145
145
145
145
145
145
145
145
145
145
145
145
145
145
145
145
145
145
145
145
145
145
145
145
145
145
145
145
145
145
145
145
145
145
145
145
145
145
145
145
145
145
145
145
145
145
145
145
145
145
145
145
145
145
145
145
145
145
145
145
145
145
145
145
145
145
145
145
145
145
145
145
145
145
145
145
145
145
145
145
145
145
145
145
145
145
145
145
145
145
145
145
145
145
145
145
145
145
145
145
145
145
145
145
145
145
145
145
145
145
145
145
146
146
146
147
147
147
147
147
147
147
147
147
147
147
147
147
147
147
147
147
147
147
147
147
147
147
147
147
147
147
147
147
147
147
147
147
147
147
147
147
147
147
147
147
147
147
147
147
147
147
147
147
147
147
147
147
147
147
147
147
147
147
147
147
147
147
147
147
147
147
147
147
147
147
147
147
147
147
147
147
147
147
147
147
147
147
147
147
147
147
147
147
147
147
147
147
147
147
147
147
147
147
147
147
147
147
147
147
147
147
147
147
147
147
147
147
147
147
147
147
147
147
147
147
147
147
147
147
147
147
147
147
147
147
147
147
147
147
147
147
147
147
147
147
147
147
147
147
147
0
0
0
0
0
0
0
147
147
147
147
147
147
147
147
147
147
147
147
147
147
147
147
147
147
147
147
147
147
147
147
147
147
147
147
147
147
147
147
147
147
147
147
147
147
147
147
147
147
147
147
147
147
147
147
147
147
147
147
147
147
147
147
147
147
147
147
147
148
148
148
148
148
148
148
148
148
148
149
149
150
150
151
152
152
153
155
155
156
156
160
162
162
163
167
169
170
171
171
172
174
174
174
176
178
179
179
179
186
187
188
188
188
188
188
190
191
191
191
191
192
193
193
193
193
193
193
193
193
193
194
194
194
194
194
195
198
198
198
198
198
198
198
198
198
199
199
199
199
199
199
199
199
199
199
199
199
199
199
199
199
200
204
205
205
205
205
205
205
205
206
207
207
207
207
207
207
207
208
213
213
213
213
213
213
213
213
213
214
214
215
220
221
221
222
222
222
222
222
222
223
223
223
223
223
223
223
231
245
6
14
14
14
14
14
14
14
14
14
17
17
17
17
17
17
17
17
18
18
19
19
19
19
19
20
26
53
54
54
54
54
54
54
54
57
60
60
60
60
60
60
60
60
61
61
62
62
62
62
62
62
63
72
89
108
111
111
111
111
111
111
111
112
113
113
113
113
113
113
113
113
113
113
114
114
114
114
114
114
115
115
127
127
127
127
127
127
127
127
127
129
140
144
144
144
144
144
144
144
144
145
145
145
145
145
145
146
152
152
152
152
152
152
152
152
152
153
153
153
153
153
153
154
160
160
160
160
160
160
160
160
160
161
161
161
161
161
161
162
174
177
177
177
177
177
177
177
178
178
178
178
178
178
178
179
179
179
179
180
180
185
186
186
186
186
186
186
186
186
187
187
187
187
187
187
187
187
187
188
192
193
193
193
193
193
193
193
193
194
194
194
194
194
194
195
201
203
203
203
203
203
203
203
203
204
204
204
204
204
204
204
204
204
204
205
213
227
235
235
235
235
235
235
235
235
236
236
237
237
237
237
237
247
248
248
248
248
248
248
248
248
249
249
249
249
249
250
0
0
0
0
0
1
5
5
5
5
5
5
5
5
5
6
6
6
6
6
6
7
7
11
11
11
11
11
11
11
11
12
12
12
12
12
12
13
18
19
19
19
19
19
19
19
19
20
20
20
20
20
20
20
20
20
20
21
32
47
47
47
47
47
47
47
47
47
48
48
48
48
48
49
55
55
55
55
55
55
55
55
55
56
56
56
56
56
56
56
56
56
56
57
57
57
57
57
57
57
57
57
57
57
57
57
57
57
57
57
57
57
57
57
57
57
57
57
57
57
57
57
57
57
57
57
57
57
57
57
57
57
57
57
57
57
57
57
57
57
57
57
57
57
57
57
57
57
57
57
57
57
57
57
57
57
57
57
57
57
57
57
57
57
57
57
57
57
57
57
57
57
57
57
57
57
57
57
57
57
57
57
57
57
57
57
59
59
59
59
59
59
59
59
59
59
59
59
59
59
59
59
59
59
59
59
59
59
59
59
59
59
60
61
61
61
62
69
69
76
76
76
76
81
81
81
81
81
81
82
88
88
88
88
89
89
89
89
89
90
96
96
96
96
96
97
127
127
127
127
128
128
128
128
128
128
128
128
128
128
128
128
128
128
128
128
128
128
128
128
128
128
128
128
128
129
129
129
129
130
130
130
130
130
130
130
130
130
130
130
130
130
130
130
130
130
130
130
130
130
130
130
130
130
130
130
130
130
130
130
130
130
130
130
130
130
130
130
130
130
130
130
130
130
130
130
130
130
130
130
130
130
130
130
130
130
130
130
131
131
131
131
131
131
131
131
132
132
132
132
132
132
132
132
132
132
132
132
132
132
132
132
132
132
132
132
132
132
132
132
132
132
132
132
132
132
132
132
132
132
133
133
133
134
134
134
134
135
135
135
135
135
135
135
135
135
135
135
135
135
135
135
135
135
135
135
135
135
135
135
135
135
135
136
138
139
139
139
139
139
139
139
139
139
139
139
139
139
139
139
139
139
139
139
139
139
139
139
139
139
143
143
143
143
144
144
144
144
145
149
150
150
150
150
150
150
150
150
150
150
150
150
150
150
150
150
150
150
150
150
150
150
150
150
150
150
150
150
150
150
150
150
150
151
151
151
151
151
151
151
151
151
151
151
151
151
151
151
151
151
151
151
151
151
151
151
151
151
151
151
151
151
151
151
151
151
151
151
151
151
151
151
151
151
151
151
151
152
152
152
152
152
152
152
152
152
152
152
152
152
152
152
152
152
152
152
152
152
152
152
152
152
152
152
152
152
152
152
152
152
152
152
152
152
152
152
152
152
152
152
152
152
152
152
152
152
152
152
152
152
152
152
152
152
152
152
152
152
152
152
152
152
152
152
152
152
152
152
152
152
152
152
152
152
152
152
155
156
164
164
165
165
166
166
166
166
166
167
167
167
167
168
173
175
176
176
176
177
188
204
207
208
208
209
209
209
209
209
209

--------------------------------------------------
FREQUENCY COUNTS:
--------------------------------------------------
Value 0: 19 occurrences (0.99%)
Value 1: 1 occurrences (0.05%)
Value 5: 9 occurrences (0.47%)
Value 6: 7 occurrences (0.37%)
Value 7: 2 occurrences (0.10%)
Value 11: 8 occurrences (0.42%)
Value 12: 6 occurrences (0.31%)
Value 13: 1 occurrences (0.05%)
Value 14: 9 occurrences (0.47%)
Value 17: 8 occurrences (0.42%)
Value 18: 3 occurrences (0.16%)
Value 19: 13 occurrences (0.68%)
Value 20: 11 occurrences (0.58%)
Value 21: 1 occurrences (0.05%)
Value 26: 1 occurrences (0.05%)
Value 32: 1 occurrences (0.05%)
Value 47: 9 occurrences (0.47%)
Value 48: 5 occurrences (0.26%)
Value 49: 1 occurrences (0.05%)
Value 53: 1 occurrences (0.05%)
Value 54: 7 occurrences (0.37%)
Value 55: 9 occurrences (0.47%)
Value 56: 10 occurrences (0.52%)
Value 57: 94 occurrences (4.92%)
Value 59: 26 occurrences (1.36%)
Value 60: 9 occurrences (0.47%)
Value 61: 5 occurrences (0.26%)
Value 62: 7 occurrences (0.37%)
Value 63: 1 occurrences (0.05%)
Value 69: 2 occurrences (0.10%)
Value 72: 1 occurrences (0.05%)
Value 76: 4 occurrences (0.21%)
Value 81: 6 occurrences (0.31%)
Value 82: 1 occurrences (0.05%)
Value 88: 4 occurrences (0.21%)
Value 89: 6 occurrences (0.31%)
Value 90: 1 occurrences (0.05%)
Value 96: 5 occurrences (0.26%)
Value 97: 1 occurrences (0.05%)
Value 108: 1 occurrences (0.05%)
Value 111: 7 occurrences (0.37%)
Value 112: 1 occurrences (0.05%)
Value 113: 10 occurrences (0.52%)
Value 114: 6 occurrences (0.31%)
Value 115: 2 occurrences (0.10%)
Value 127: 13 occurrences (0.68%)
Value 128: 25 occurrences (1.31%)
Value 129: 5 occurrences (0.26%)
Value 130: 84 occurrences (4.40%)
Value 131: 177 occurrences (9.27%)
Value 132: 37 occurrences (1.94%)
Value 133: 15 occurrences (0.79%)
Value 134: 249 occurrences (13.04%)
Value 135: 35 occurrences (1.83%)
Value 136: 7 occurrences (0.37%)
Value 137: 1 occurrences (0.05%)
Value 138: 2 occurrences (0.10%)
Value 139: 30 occurrences (1.57%)
Value 140: 21 occurrences (1.10%)
Value 141: 2 occurrences (0.10%)
Value 142: 2 occurrences (0.10%)
Value 143: 4 occurrences (0.21%)
Value 144: 29 occurrences (1.52%)
Value 145: 148 occurrences (7.75%)
Value 146: 4 occurrences (0.21%)
Value 147: 207 occurrences (10.84%)
Value 148: 10 occurrences (0.52%)
Value 149: 3 occurrences (0.16%)
Value 150: 35 occurrences (1.83%)
Value 151: 45 occurrences (2.36%)
Value 152: 90 occurrences (4.71%)
Value 153: 7 occurrences (0.37%)
Value 154: 1 occurrences (0.05%)
Value 155: 3 occurrences (0.16%)
Value 156: 3 occurrences (0.16%)
Value 160: 10 occurrences (0.52%)
Value 161: 6 occurrences (0.31%)
Value 162: 3 occurrences (0.16%)
Value 163: 1 occurrences (0.05%)
Value 164: 2 occurrences (0.10%)
Value 165: 2 occurrences (0.10%)
Value 166: 5 occurrences (0.26%)
Value 167: 5 occurrences (0.26%)
Value 168: 1 occurrences (0.05%)
Value 169: 1 occurrences (0.05%)
Value 170: 1 occurrences (0.05%)
Value 171: 2 occurrences (0.10%)
Value 172: 1 occurrences (0.05%)
Value 173: 1 occurrences (0.05%)
Value 174: 4 occurrences (0.21%)
Value 175: 1 occurrences (0.05%)
Value 176: 4 occurrences (0.21%)
Value 177: 8 occurrences (0.42%)
Value 178: 8 occurrences (0.42%)
Value 179: 7 occurrences (0.37%)
Value 180: 2 occurrences (0.10%)
Value 185: 1 occurrences (0.05%)
Value 186: 9 occurrences (0.47%)
Value 187: 10 occurrences (0.52%)
Value 188: 7 occurrences (0.37%)
Value 190: 1 occurrences (0.05%)
Value 191: 4 occurrences (0.21%)
Value 192: 2 occurrences (0.10%)
Value 193: 17 occurrences (0.89%)
Value 194: 11 occurrences (0.58%)
Value 195: 2 occurrences (0.10%)
Value 198: 9 occurrences (0.47%)
Value 199: 16 occurrences (0.84%)
Value 200: 1 occurrences (0.05%)
Value 201: 1 occurrences (0.05%)
Value 203: 8 occurrences (0.42%)
Value 204: 12 occurrences (0.63%)
Value 205: 8 occurrences (0.42%)
Value 206: 1 occurrences (0.05%)
Value 207: 8 occurrences (0.42%)
Value 208: 3 occurrences (0.16%)
Value 209: 6 occurrences (0.31%)
Value 213: 10 occurrences (0.52%)
Value 214: 2 occurrences (0.10%)
Value 215: 1 occurrences (0.05%)
Value 220: 1 occurrences (0.05%)
Value 221: 2 occurrences (0.10%)
Value 222: 6 occurrences (0.31%)
Value 223: 7 occurrences (0.37%)
Value 227: 1 occurrences (0.05%)
Value 231: 1 occurrences (0.05%)
Value 235: 8 occurrences (0.42%)
Value 236: 2 occurrences (0.10%)
Value 237: 5 occurrences (0.26%)
Value 245: 1 occurrences (0.05%)
Value 247: 1 occurrences (0.05%)
Value 248: 8 occurrences (0.42%)
Value 249: 5 occurrences (0.26%)
Value 250: 1 occurrences (0.05%)

--------------------------------------------------
MOST COMMON VALUES:
--------------------------------------------------
Value 134: 249 occurrences (13.04%)
Value 147: 207 occurrences (10.84%)
Value 131: 177 occurrences (9.27%)
Value 145: 148 occurrences (7.75%)
Value 57: 94 occurrences (4.92%)
Value 152: 90 occurrences (4.71%)
Value 130: 84 occurrences (4.40%)
Value 151: 45 occurrences (2.36%)
Value 132: 37 occurrences (1.94%)
Value 135: 35 occurrences (1.83%)
