222
222
222
222
222
222
222
222
222
222
222
222
222
222
222
222
222
222
222
222
222
223
223
223
223
224
224
224
224
224
224
224
224
224
224
224
224
224
224
224
224
224
224
224
224
225
225
225
225
225
225
225
225
225
225
225
225
225
225
225
225
225
225
225
225
225
225
225
225
225
225
225
225
225
225
225
225
225
225
225
225
225
225
225
225
225
225
225
225
225
225
225
225
225
225
225
225
225
225
225
225
225
225
225
225
225
225
225
225
225
225
225
225
225
225
225
225
225
225
225
225
225
225
225
225
225
225
225
225
225
225
225
225
225
225
225
225
225
225
225
225
225
225
225
225
225
225
225
225
225
225
225
225
225
225
225
225
225
225
225
225
225
225
225
225
225
225
225
225
225
225
225
225
225
225
225
225
225
225
225
225
225
225
225
225
225
225
225
225
225
225
225
225
225
226
226
226
226
226
226
226
226
226
226
226
227
227
227
227
228
228
228
228
228
228
228
228
228
228
228
228
228
228
228
228
228
228
228
228
228
228
228
228
228
228
228
228
228
228
228
228
228
228
228
228
228
228
228
228
228
228
228
229
0
0
0
0
0
0
0
229
229
229
229
229
229
229
229
229
229
229
229
229
229
229
229
229
229
229
229
229
229
229
229
229
229
229
229
229
229
229
229
229
229
229
229
229
229
229
229
229
229
229
229
229
229
229
229
229
229
229
229
229
229
229
229
229
229
229
229
229
229
229
229
229
229
229
229
229
229
229
229
229
229
229
229
229
229
229
229
229
229
229
229
229
229
229
229
229
229
229
229
229
229
229
229
229
229
229
229
229
229
229
229
229
229
229
229
229
229
229
229
229
229
229
229
229
229
229
229
229
229
229
229
229
229
229
229
229
229
229
229
229
229
229
229
229
229
229
229
229
229
229
229
229
229
229
229
229
229
229
229
229
229
229
229
229
229
229
229
229
229
229
229
229
229
229
229
229
229
229
229
229
229
229
229
229
229
229
229
229
229
229
229
229
229
229
229
229
229
229
229
229
229
229
229
229
229
229
229
229
230
230
230
230
230
231
231
231
231
231
232
232
232
232
232
233
233
233
233
233
233
233
234
234
234
234
234
234
234
234
234
234
234
234
234
234
234
234
234
234
234
234
235
235
235
235
237
237
237
237
237
237
237
237
237
237
237
237
237
238
238
238
238
239
239
239
239
239
239
239
239
239
239
239
239
239
239
239
239
239
239
239
239
239
239
239
239
239
239
239
239
239
239
239
239
239
239
239
239
239
239
239
239
239
239
239
239
239
239
239
239
239
239
239
239
239
239
239
239
239
239
239
239
239
239
239
239
239
239
239
239
239
239
239
239
239
239
239
239
239
239
239
239
239
239
239
239
239
239
239
239
239
239
239
239
239
239
239
239
239
239
239
239
239
239
239
239
239
239
239
239
239
239
239
239
239
239
239
239
239
239
239
239
239
239
239
239
239
239
239
239
239
239
239
239
239
239
239
239
239
239
239
239
240
240
240
240
241
241
241
241
241
241
241
241
241
241
241
241
241
241
241
241
241
241
241
241
241
241
241
241
241
241
241
241
241
241
241
241
241
241
241
241
241
241
241
241
241
241
241
241
241
241
241
241
241
241
241
241
241
241
241
241
241
241
241
241
241
241
241
241
241
241
241
241
241
241
241
241
241
241
241
241
241
241
241
241
241
241
241
241
241
241
241
241
241
241
241
241
241
241
241
241
241
241
241
241
241
241
241
241
241
241
241
241
241
241
241
241
241
241
241
241
241
241
241
241
241
241
241
241
241
241
241
241
241
241
241
241
241
241
241
241
241
241
241
241
241
241
241
241
241
242
0
0
0
0
0
0
0
242
242
242
242
242
242
242
242
242
242
242
242
242
242
242
242
242
242
242
242
242
242
242
242
242
242
242
242
242
242
242
242
242
242
242
242
242
242
242
242
242
242
242
242
242
242
242
242
242
242
242
242
242
242
242
242
242
242
242
242
242
242
243
243
243
243
243
243
244
244
244
244
245
245
245
245
246
246
246
246
247
247
247
247
248
248
248
248
249
249
249
249
250
250
250
250
251
251
251
251
251
252
252
252
252
252
252
252
253
253
253
253
253
253
254
254
254
254
254
254
255
255
255
255
0
0
0
0
0
1
1
1
1
1
1
1
1
1
1
2
2
2
2
2
2
2
2
2
2
2
2
2
2
2
2
3
3
3
3
3
3
3
3
3
4
4
4
4
4
4
4
4
5
5
5
5
5
5
5
5
5
5
6
6
6
6
6
6
7
7
7
7
7
7
8
8
8
8
8
8
9
9
9
9
9
9
9
9
9
9
9
9
10
10
10
10
10
10
10
10
10
11
11
11
11
11
11
11
12
12
12
12
12
12
12
12
12
12
13
13
13
13
13
13
13
13
13
14
14
14
14
14
14
14
14
15
15
15
15
15
15
15
15
15
15
15
16
16
16
16
16
16
16
16
16
16
16
17
17
17
17
17
17
18
18
18
18
18
18
18
18
18
18
19
20
20
20
20
20
20
20
20
20
20
21
21
21
21
21
21
22
22
22
22
22
22
22
22
22
22
23
23
23
23
23
23
24
24
24
24
24
24
24
24
24
24
25
25
25
25
25
25
26
26
26
26
26
26
26
26
26
27
27
27
27
27
27
27
28
28
28
28
29
29
29
29
29
29
29
29
29
29
29
30
30
30
30
30
30
30
30
30
31
31
31
31
31
31
31
31
31
31
32
32
32
32
32
32
33
33
33
33
33
33
33
33
33
33
34
34
34
34
34
34
34
34
34
34
35
35
35
35
35
35
35
35
35
35
35
36
36
36
36
36
37
37
37
37
37
37
37
37
37
37
37
38
38
38
38
38
40
40
40
40
40
40
41
41
41
41
41
41
41
41
41
41
42
42
42
42
42
42
43
43
43
43
43
43
43
43
43
43
44
44
44
44
44
44
45
45
45
45
45
45
45
45
45
45
46
46
46
46
46
46
46
46
46
46
47
47
47
47
47
47
47
47
47
47
47
48
48
48
48
48
49
49
49
49
49
49
49
49
49
49
50
50
50
50
50
50
50
50
50
50
51
51
51
51
51
51
51
51
51
51
51
51
51
51
51
51
51
51
51
51
51
51
51
51
51
51
51
51
51
51
51
51
51
51
51
51
51
51
51
51
51
51
51
51
51
51
51
51
51
51
51
51
51
51
51
51
51
51
51
51
51
51
51
51
51
51
51
51
51
51
51
51
51
51
51
51
51
51
51
51
51
51
51
51
51
51
51
51
51
51
51
52
53
53
53
53
53
53
53
53
53
53
53
53
53
53
53
53
53
53
53
53
53
53
53
54
54
54
54
55
55
55
55
56
56
56
56
56
56
57
57
57
57
57
57
58
58
58
58
58
59
59
59
59
59
60
60
60
60
60
60
61
61
61
61
61
62
62
62
62
62
62
62
62
62
62
62
62
62
62
62
62
62
62
62
62
62
62
62
62
62
62
63
63
63
63
64
64
64
64
64
64
64
64
64
64
64
64
64
64
64
64
64
64
64
64
64
64
64
64
64
64
64
64
64
64
64
64
64
64
64
64
64
64
64
64
64
64
64
64
64
64
64
64
64
64
64
64
64
64
64
64
64
64
65
65
65
65
65
65
65
65
65
66
66
66
66
66
66
66
66
66
66
66
66
66
66
66
66
66
66
66
66
66
66
66
66
66
66
66
66
66
66
66
66
67
67
67
67
68
68
68
68
69
69
69
69
69
69
69
69
69
69
69
69
69
69
69
69
69
69
69
69
69
69
69
69
69
69
70
71
71
71
71
71
71
71
71
71
71
71
71
71
71
71
71
71
71
71
71
71
71
71
71
71
71
74
74
74
74
74
75
75
75
75
76
76
76
76
76
76
76
76
76
76
76
76
76
76
76
76
76
76
76
76
76
76
76
76
76
76
76
77
77
77
77
77
77
77
77
78
78
78
78
78
78
78
78
78
78
78
78
78
78
78
78
78
78
78
78
78
78
78
78
78
78
78
78
78
78
78
78
78
78
78
78
78
78
78
78
78
78
78
79
79
79
79
79
79
79
79
79
79
79
79
79
79
79
79
79
79
79
79
79
79
79
79
79
79
79
79
79
79
79
79
79
79
79
79
79
79
79
79
79
79
79
79
79
79
79
79
79
79
79
79
79
79
79
79
79
79
79
79
79
79
79
79
79
79
79
79
79
79
79
79
79
79
79
79
79
79
79
80
80
80
80
80
81
81
81
81
81
81
81
82
82
82
82
83
83
84
84
84
84
85
85
85
85
85
85
86
86
86
86
86

--------------------------------------------------
FREQUENCY COUNTS:
--------------------------------------------------
Value 0: 19 occurrences (0.99%)
Value 1: 10 occurrences (0.52%)
Value 2: 16 occurrences (0.84%)
Value 3: 9 occurrences (0.47%)
Value 4: 8 occurrences (0.42%)
Value 5: 10 occurrences (0.52%)
Value 6: 6 occurrences (0.31%)
Value 7: 6 occurrences (0.31%)
Value 8: 6 occurrences (0.31%)
Value 9: 12 occurrences (0.63%)
Value 10: 9 occurrences (0.47%)
Value 11: 7 occurrences (0.37%)
Value 12: 10 occurrences (0.52%)
Value 13: 9 occurrences (0.47%)
Value 14: 8 occurrences (0.42%)
Value 15: 11 occurrences (0.58%)
Value 16: 11 occurrences (0.58%)
Value 17: 6 occurrences (0.31%)
Value 18: 10 occurrences (0.52%)
Value 19: 1 occurrences (0.05%)
Value 20: 10 occurrences (0.52%)
Value 21: 6 occurrences (0.31%)
Value 22: 10 occurrences (0.52%)
Value 23: 6 occurrences (0.31%)
Value 24: 10 occurrences (0.52%)
Value 25: 6 occurrences (0.31%)
Value 26: 9 occurrences (0.47%)
Value 27: 7 occurrences (0.37%)
Value 28: 4 occurrences (0.21%)
Value 29: 11 occurrences (0.58%)
Value 30: 9 occurrences (0.47%)
Value 31: 10 occurrences (0.52%)
Value 32: 6 occurrences (0.31%)
Value 33: 10 occurrences (0.52%)
Value 34: 10 occurrences (0.52%)
Value 35: 11 occurrences (0.58%)
Value 36: 5 occurrences (0.26%)
Value 37: 11 occurrences (0.58%)
Value 38: 5 occurrences (0.26%)
Value 40: 6 occurrences (0.31%)
Value 41: 10 occurrences (0.52%)
Value 42: 6 occurrences (0.31%)
Value 43: 10 occurrences (0.52%)
Value 44: 6 occurrences (0.31%)
Value 45: 10 occurrences (0.52%)
Value 46: 10 occurrences (0.52%)
Value 47: 11 occurrences (0.58%)
Value 48: 5 occurrences (0.26%)
Value 49: 10 occurrences (0.52%)
Value 50: 10 occurrences (0.52%)
Value 51: 91 occurrences (4.76%)
Value 52: 1 occurrences (0.05%)
Value 53: 23 occurrences (1.20%)
Value 54: 4 occurrences (0.21%)
Value 55: 4 occurrences (0.21%)
Value 56: 6 occurrences (0.31%)
Value 57: 6 occurrences (0.31%)
Value 58: 5 occurrences (0.26%)
Value 59: 5 occurrences (0.26%)
Value 60: 6 occurrences (0.31%)
Value 61: 5 occurrences (0.26%)
Value 62: 26 occurrences (1.36%)
Value 63: 4 occurrences (0.21%)
Value 64: 58 occurrences (3.04%)
Value 65: 9 occurrences (0.47%)
Value 66: 32 occurrences (1.68%)
Value 67: 4 occurrences (0.21%)
Value 68: 4 occurrences (0.21%)
Value 69: 26 occurrences (1.36%)
Value 70: 1 occurrences (0.05%)
Value 71: 26 occurrences (1.36%)
Value 74: 5 occurrences (0.26%)
Value 75: 4 occurrences (0.21%)
Value 76: 27 occurrences (1.41%)
Value 77: 8 occurrences (0.42%)
Value 78: 43 occurrences (2.25%)
Value 79: 79 occurrences (4.14%)
Value 80: 5 occurrences (0.26%)
Value 81: 7 occurrences (0.37%)
Value 82: 4 occurrences (0.21%)
Value 83: 2 occurrences (0.10%)
Value 84: 4 occurrences (0.21%)
Value 85: 6 occurrences (0.31%)
Value 86: 5 occurrences (0.26%)
Value 222: 21 occurrences (1.10%)
Value 223: 4 occurrences (0.21%)
Value 224: 20 occurrences (1.05%)
Value 225: 149 occurrences (7.80%)
Value 226: 11 occurrences (0.58%)
Value 227: 4 occurrences (0.21%)
Value 228: 43 occurrences (2.25%)
Value 229: 202 occurrences (10.58%)
Value 230: 5 occurrences (0.26%)
Value 231: 5 occurrences (0.26%)
Value 232: 5 occurrences (0.26%)
Value 233: 7 occurrences (0.37%)
Value 234: 20 occurrences (1.05%)
Value 235: 4 occurrences (0.21%)
Value 237: 13 occurrences (0.68%)
Value 238: 4 occurrences (0.21%)
Value 239: 140 occurrences (7.33%)
Value 240: 4 occurrences (0.21%)
Value 241: 145 occurrences (7.59%)
Value 242: 63 occurrences (3.30%)
Value 243: 6 occurrences (0.31%)
Value 244: 4 occurrences (0.21%)
Value 245: 4 occurrences (0.21%)
Value 246: 4 occurrences (0.21%)
Value 247: 4 occurrences (0.21%)
Value 248: 4 occurrences (0.21%)
Value 249: 4 occurrences (0.21%)
Value 250: 4 occurrences (0.21%)
Value 251: 5 occurrences (0.26%)
Value 252: 7 occurrences (0.37%)
Value 253: 6 occurrences (0.31%)
Value 254: 6 occurrences (0.31%)
Value 255: 4 occurrences (0.21%)

--------------------------------------------------
MOST COMMON VALUES:
--------------------------------------------------
Value 229: 202 occurrences (10.58%)
Value 225: 149 occurrences (7.80%)
Value 241: 145 occurrences (7.59%)
Value 239: 140 occurrences (7.33%)
Value 51: 91 occurrences (4.76%)
Value 79: 79 occurrences (4.14%)
Value 242: 63 occurrences (3.30%)
Value 64: 58 occurrences (3.04%)
Value 228: 43 occurrences (2.25%)
Value 78: 43 occurrences (2.25%)
